1.357600000000000000e+04
5.000400000000000000e+04
5.227100000000000000e+04
5.998500000000000000e+04
6.004800000000000000e+04
6.998600000000000000e+04
7.288200000000000000e+04
8.555700000000000000e+04
8.647000000000000000e+04
8.742200000000000000e+04
1.042100000000000000e+05
1.055270000000000000e+05
1.263160000000000000e+05
1.323530000000000000e+05
1.338240000000000000e+05
1.584830000000000000e+05
1.757910000000000000e+05
1.770570000000000000e+05
1.793920000000000000e+05
2.076670000000000000e+05
2.093260000000000000e+05
2.148610000000000000e+05
2.227360000000000000e+05
2.266070000000000000e+05
2.490450000000000000e+05
2.529630000000000000e+05
2.533760000000000000e+05
2.608050000000000000e+05
2.765770000000000000e+05
2.785670000000000000e+05
2.906440000000000000e+05
3.279640000000000000e+05
3.541830000000000000e+05
3.580960000000000000e+05
3.625880000000000000e+05
3.678980000000000000e+05
3.698410000000000000e+05
