1.307000000000000000e+03
3.482000000000000000e+03
6.131000000000000000e+03
7.007000000000000000e+03
1.371300000000000000e+04
1.707400000000000000e+04
2.016400000000000000e+04
2.313400000000000000e+04
2.401800000000000000e+04
2.729800000000000000e+04
2.815800000000000000e+04
2.833500000000000000e+04
2.871300000000000000e+04
2.906000000000000000e+04
2.936700000000000000e+04
3.380600000000000000e+04
3.456200000000000000e+04
3.692200000000000000e+04
3.748600000000000000e+04
3.764600000000000000e+04
3.850100000000000000e+04
4.497700000000000000e+04
4.891600000000000000e+04
5.219600000000000000e+04
5.242400000000000000e+04
5.331900000000000000e+04
5.469500000000000000e+04
5.476300000000000000e+04
6.080400000000000000e+04
6.107700000000000000e+04
6.375100000000000000e+04
6.380400000000000000e+04
6.490900000000000000e+04
6.511700000000000000e+04
6.578600000000000000e+04
6.649000000000000000e+04
6.743400000000000000e+04
7.206800000000000000e+04
