4.765000000000000000e+03
3.235600000000000000e+04
3.504400000000000000e+04
3.922300000000000000e+04
4.858300000000000000e+04
1.228560000000000000e+05
1.422870000000000000e+05
1.504470000000000000e+05
1.831060000000000000e+05
1.924650000000000000e+05
1.952090000000000000e+05
2.085300000000000000e+05
2.103970000000000000e+05
2.131520000000000000e+05
2.174440000000000000e+05
2.372450000000000000e+05
2.420570000000000000e+05
2.757630000000000000e+05
3.175130000000000000e+05
3.228230000000000000e+05
3.322070000000000000e+05
3.567800000000000000e+05
3.673600000000000000e+05
