1.866400000000000000e+04
2.611600000000000000e+04
3.453400000000000000e+04
3.797300000000000000e+04
4.364600000000000000e+04
6.006900000000000000e+04
7.191100000000000000e+04
1.023140000000000000e+05
1.071170000000000000e+05
1.192520000000000000e+05
1.268590000000000000e+05
1.330620000000000000e+05
1.473590000000000000e+05
2.034110000000000000e+05
2.090570000000000000e+05
2.182290000000000000e+05
2.739160000000000000e+05
2.891000000000000000e+05
2.951020000000000000e+05
3.302010000000000000e+05
3.575420000000000000e+05
