2.096300000000000000e+04
2.417700000000000000e+04
2.814900000000000000e+04
3.763800000000000000e+04
4.923700000000000000e+04
1.321800000000000000e+05
1.412860000000000000e+05
1.519390000000000000e+05
1.699170000000000000e+05
1.716780000000000000e+05
1.807640000000000000e+05
1.818520000000000000e+05
2.192310000000000000e+05
2.208820000000000000e+05
2.331870000000000000e+05
2.444950000000000000e+05
2.553110000000000000e+05
2.677570000000000000e+05
2.769840000000000000e+05
2.909050000000000000e+05
2.980600000000000000e+05
3.195010000000000000e+05
3.307740000000000000e+05
