2.657700000000000000e+04
3.059500000000000000e+04
3.526700000000000000e+04
3.918400000000000000e+04
4.529200000000000000e+04
1.113550000000000000e+05
1.170360000000000000e+05
1.329260000000000000e+05
1.434720000000000000e+05
1.648860000000000000e+05
1.764120000000000000e+05
1.789930000000000000e+05
1.881060000000000000e+05
1.933400000000000000e+05
2.089710000000000000e+05
2.127090000000000000e+05
2.249180000000000000e+05
2.423340000000000000e+05
2.547920000000000000e+05
2.686590000000000000e+05
2.723030000000000000e+05
2.928140000000000000e+05
3.062720000000000000e+05
3.126330000000000000e+05
3.252330000000000000e+05
3.459230000000000000e+05
3.476600000000000000e+05
3.583740000000000000e+05
3.612380000000000000e+05
