3.920000000000000000e+03
8.687000000000000000e+03
2.222900000000000000e+04
3.221000000000000000e+04
3.379500000000000000e+04
9.477700000000000000e+04
1.008540000000000000e+05
1.019850000000000000e+05
1.072490000000000000e+05
1.108440000000000000e+05
1.978800000000000000e+05
2.032750000000000000e+05
2.033580000000000000e+05
2.046840000000000000e+05
2.271280000000000000e+05
2.428020000000000000e+05
2.465370000000000000e+05
2.580800000000000000e+05
2.684120000000000000e+05
2.748230000000000000e+05
2.760750000000000000e+05
2.845360000000000000e+05
2.866940000000000000e+05
2.967200000000000000e+05
3.041230000000000000e+05
3.142170000000000000e+05
3.291790000000000000e+05
3.409980000000000000e+05
3.503100000000000000e+05
3.703580000000000000e+05
