7.374000000000000000e+03
1.668800000000000000e+04
2.006400000000000000e+04
3.299300000000000000e+04
4.238100000000000000e+04
6.818100000000000000e+04
7.621200000000000000e+04
7.763000000000000000e+04
7.765200000000000000e+04
9.181800000000000000e+04
9.674100000000000000e+04
1.268800000000000000e+05
1.678960000000000000e+05
1.771960000000000000e+05
1.963750000000000000e+05
2.029110000000000000e+05
2.204780000000000000e+05
2.480460000000000000e+05
2.753310000000000000e+05
2.829370000000000000e+05
2.898300000000000000e+05
3.121260000000000000e+05
3.356750000000000000e+05
3.358380000000000000e+05
3.488790000000000000e+05
