8.545000000000000000e+03
1.799100000000000000e+04
2.380300000000000000e+04
3.840900000000000000e+04
5.511300000000000000e+04
6.460500000000000000e+04
6.683500000000000000e+04
7.279300000000000000e+04
1.179680000000000000e+05
1.479730000000000000e+05
1.493290000000000000e+05
1.774440000000000000e+05
1.803470000000000000e+05
2.131020000000000000e+05
2.300890000000000000e+05
2.301760000000000000e+05
2.421470000000000000e+05
2.665570000000000000e+05
2.740380000000000000e+05
2.784710000000000000e+05
2.924420000000000000e+05
3.220770000000000000e+05
3.231340000000000000e+05
3.237890000000000000e+05
3.276900000000000000e+05
3.444640000000000000e+05
3.583400000000000000e+05
3.625260000000000000e+05
3.699240000000000000e+05
