1.976700000000000000e+04
2.238800000000000000e+04
4.683600000000000000e+04
7.118400000000000000e+04
8.297900000000000000e+04
8.858600000000000000e+04
8.959200000000000000e+04
1.169530000000000000e+05
1.261120000000000000e+05
1.349630000000000000e+05
1.361090000000000000e+05
1.899830000000000000e+05
1.946560000000000000e+05
2.082690000000000000e+05
2.327550000000000000e+05
2.354310000000000000e+05
2.367940000000000000e+05
2.379190000000000000e+05
2.388040000000000000e+05
2.444050000000000000e+05
2.453940000000000000e+05
2.504580000000000000e+05
2.513620000000000000e+05
2.601060000000000000e+05
2.760740000000000000e+05
3.073840000000000000e+05
3.075350000000000000e+05
3.078510000000000000e+05
3.407280000000000000e+05
3.417480000000000000e+05
3.462510000000000000e+05
3.496040000000000000e+05
3.511250000000000000e+05
3.727120000000000000e+05
