2.270000000000000000e+03
1.901300000000000000e+04
2.849400000000000000e+04
3.225400000000000000e+04
4.244900000000000000e+04
6.140000000000000000e+04
6.581900000000000000e+04
9.314900000000000000e+04
1.009320000000000000e+05
1.060170000000000000e+05
1.436340000000000000e+05
1.436790000000000000e+05
1.519050000000000000e+05
1.529340000000000000e+05
1.783570000000000000e+05
1.803070000000000000e+05
1.951850000000000000e+05
2.151490000000000000e+05
2.316070000000000000e+05
3.057620000000000000e+05
3.272120000000000000e+05
3.310870000000000000e+05
3.421860000000000000e+05
3.490030000000000000e+05
3.522270000000000000e+05
3.605670000000000000e+05
3.651300000000000000e+05
