7.994000000000000000e+03
1.110300000000000000e+04
2.854600000000000000e+04
3.925800000000000000e+04
5.629900000000000000e+04
6.292800000000000000e+04
7.813300000000000000e+04
1.224490000000000000e+05
1.384370000000000000e+05
1.471100000000000000e+05
1.627390000000000000e+05
1.704340000000000000e+05
1.757160000000000000e+05
1.816050000000000000e+05
1.859650000000000000e+05
2.158840000000000000e+05
2.386180000000000000e+05
2.420270000000000000e+05
2.439440000000000000e+05
2.543820000000000000e+05
2.569170000000000000e+05
2.599770000000000000e+05
2.715800000000000000e+05
2.796480000000000000e+05
3.527810000000000000e+05
3.567560000000000000e+05
3.654880000000000000e+05
