4.390000000000000000e+02
3.174000000000000000e+03
3.367000000000000000e+03
4.283000000000000000e+03
4.612000000000000000e+03
5.306000000000000000e+03
5.829000000000000000e+03
6.012000000000000000e+03
6.693000000000000000e+03
7.450000000000000000e+03
8.377000000000000000e+03
9.253000000000000000e+03
9.331000000000000000e+03
1.009800000000000000e+04
1.043600000000000000e+04
1.287900000000000000e+04
1.302900000000000000e+04
1.457100000000000000e+04
1.517300000000000000e+04
1.551400000000000000e+04
1.634000000000000000e+04
1.639000000000000000e+04
1.675000000000000000e+04
1.696400000000000000e+04
1.824900000000000000e+04
2.007600000000000000e+04
2.219000000000000000e+04
2.239300000000000000e+04
2.261400000000000000e+04
2.888400000000000000e+04
2.890900000000000000e+04
2.895800000000000000e+04
2.898500000000000000e+04
2.989400000000000000e+04
3.187800000000000000e+04
3.278300000000000000e+04
3.304200000000000000e+04
3.516700000000000000e+04
3.525500000000000000e+04
3.574700000000000000e+04
4.407500000000000000e+04
4.649800000000000000e+04
4.792700000000000000e+04
4.858200000000000000e+04
4.916600000000000000e+04
5.000000000000000000e+04
5.060500000000000000e+04
5.125400000000000000e+04
5.215800000000000000e+04
5.255700000000000000e+04
5.359400000000000000e+04
5.407800000000000000e+04
5.484600000000000000e+04
5.541000000000000000e+04
5.621900000000000000e+04
5.684900000000000000e+04
5.940000000000000000e+04
6.060500000000000000e+04
6.068400000000000000e+04
6.119400000000000000e+04
6.133300000000000000e+04
6.356700000000000000e+04
6.406000000000000000e+04
6.464300000000000000e+04
6.489100000000000000e+04
6.494100000000000000e+04
6.513200000000000000e+04
6.590900000000000000e+04
6.668900000000000000e+04
6.770500000000000000e+04
6.793900000000000000e+04
6.794200000000000000e+04
6.868900000000000000e+04
6.931500000000000000e+04
7.067900000000000000e+04
7.262600000000000000e+04
7.263100000000000000e+04
7.311600000000000000e+04
7.347000000000000000e+04
7.360000000000000000e+04
7.448500000000000000e+04
7.452100000000000000e+04
7.514200000000000000e+04
7.611100000000000000e+04
7.619300000000000000e+04
7.803300000000000000e+04
8.039100000000000000e+04
8.048300000000000000e+04
8.195200000000000000e+04
8.420700000000000000e+04
8.459800000000000000e+04
8.504800000000000000e+04
8.548500000000000000e+04
8.653100000000000000e+04
8.722600000000000000e+04
9.003200000000000000e+04
9.291500000000000000e+04
9.470000000000000000e+04
9.504200000000000000e+04
9.557700000000000000e+04
9.626600000000000000e+04
9.721300000000000000e+04
9.782600000000000000e+04
9.836700000000000000e+04
9.890900000000000000e+04
1.019570000000000000e+05
1.025400000000000000e+05
1.041410000000000000e+05
1.046490000000000000e+05
1.048080000000000000e+05
1.058710000000000000e+05
1.094210000000000000e+05
1.113000000000000000e+05
1.114480000000000000e+05
1.120280000000000000e+05
1.121620000000000000e+05
1.139760000000000000e+05
1.154570000000000000e+05
1.156010000000000000e+05
1.158350000000000000e+05
1.164540000000000000e+05
1.181420000000000000e+05
1.190450000000000000e+05
1.191410000000000000e+05
1.197440000000000000e+05
1.201720000000000000e+05
1.206120000000000000e+05
1.208750000000000000e+05
1.241530000000000000e+05
1.278800000000000000e+05
1.283460000000000000e+05
1.288260000000000000e+05
1.303640000000000000e+05
1.319430000000000000e+05
1.324010000000000000e+05
1.354120000000000000e+05
1.355770000000000000e+05
1.392270000000000000e+05
1.392740000000000000e+05
1.450600000000000000e+05
1.452280000000000000e+05
1.463090000000000000e+05
1.476060000000000000e+05
1.480970000000000000e+05
1.482790000000000000e+05
1.495350000000000000e+05
1.504130000000000000e+05
1.505490000000000000e+05
1.506080000000000000e+05
1.519150000000000000e+05
1.522620000000000000e+05
1.530060000000000000e+05
1.531420000000000000e+05
1.532690000000000000e+05
1.533910000000000000e+05
1.539150000000000000e+05
1.550140000000000000e+05
1.551550000000000000e+05
1.553750000000000000e+05
1.559190000000000000e+05
1.581520000000000000e+05
1.592700000000000000e+05
1.601370000000000000e+05
1.608600000000000000e+05
1.624640000000000000e+05
1.629580000000000000e+05
1.644780000000000000e+05
1.651310000000000000e+05
1.654520000000000000e+05
1.668190000000000000e+05
1.669850000000000000e+05
1.683240000000000000e+05
1.686540000000000000e+05
1.686670000000000000e+05
1.702460000000000000e+05
1.709590000000000000e+05
1.709980000000000000e+05
1.712180000000000000e+05
1.721860000000000000e+05
1.731810000000000000e+05
1.735230000000000000e+05
1.747350000000000000e+05
1.747710000000000000e+05
1.766450000000000000e+05
1.770060000000000000e+05
1.776580000000000000e+05
1.806800000000000000e+05
1.819200000000000000e+05
1.835160000000000000e+05
1.838750000000000000e+05
1.840960000000000000e+05
1.842490000000000000e+05
1.845100000000000000e+05
1.857940000000000000e+05
1.860820000000000000e+05
1.863560000000000000e+05
1.869390000000000000e+05
1.870500000000000000e+05
1.876810000000000000e+05
1.877390000000000000e+05
1.883020000000000000e+05
1.889610000000000000e+05
1.900130000000000000e+05
1.951580000000000000e+05
1.952680000000000000e+05
1.954370000000000000e+05
1.955840000000000000e+05
1.961770000000000000e+05
1.980600000000000000e+05
1.990160000000000000e+05
1.993310000000000000e+05
1.997360000000000000e+05
2.014270000000000000e+05
2.024660000000000000e+05
2.029300000000000000e+05
2.032170000000000000e+05
2.034160000000000000e+05
2.055490000000000000e+05
2.060290000000000000e+05
2.062010000000000000e+05
2.076240000000000000e+05
2.077060000000000000e+05
2.090170000000000000e+05
2.091700000000000000e+05
2.095760000000000000e+05
2.098860000000000000e+05
2.116680000000000000e+05
2.143890000000000000e+05
2.152740000000000000e+05
