6.111500000000000000e+04
8.184400000000000000e+04
9.993800000000000000e+04
1.298600000000000000e+05
1.301810000000000000e+05
1.352860000000000000e+05
1.410370000000000000e+05
1.415200000000000000e+05
1.480780000000000000e+05
1.860420000000000000e+05
2.018500000000000000e+05
2.320740000000000000e+05
2.483220000000000000e+05
2.709900000000000000e+05
2.727310000000000000e+05
2.733590000000000000e+05
2.859990000000000000e+05
3.005580000000000000e+05
3.235970000000000000e+05
3.251340000000000000e+05
3.298340000000000000e+05
3.393660000000000000e+05
