1.904000000000000000e+03
3.418000000000000000e+03
3.740000000000000000e+03
4.295000000000000000e+03
4.352000000000000000e+03
4.546000000000000000e+03
7.306000000000000000e+03
7.418000000000000000e+03
1.048600000000000000e+04
1.128700000000000000e+04
1.183200000000000000e+04
1.389100000000000000e+04
1.494400000000000000e+04
1.514400000000000000e+04
1.599100000000000000e+04
1.678300000000000000e+04
1.789400000000000000e+04
1.798500000000000000e+04
1.979600000000000000e+04
2.067000000000000000e+04
2.189500000000000000e+04
2.261700000000000000e+04
2.306300000000000000e+04
2.516800000000000000e+04
2.829900000000000000e+04
2.833100000000000000e+04
3.030800000000000000e+04
3.033000000000000000e+04
3.207400000000000000e+04
3.350300000000000000e+04
3.448200000000000000e+04
3.588400000000000000e+04
3.657100000000000000e+04
3.658800000000000000e+04
3.793900000000000000e+04
4.031300000000000000e+04
4.080900000000000000e+04
4.248000000000000000e+04
4.317900000000000000e+04
4.332500000000000000e+04
4.534300000000000000e+04
4.710200000000000000e+04
4.753800000000000000e+04
4.818300000000000000e+04
4.963800000000000000e+04
5.021700000000000000e+04
5.239500000000000000e+04
5.276200000000000000e+04
5.276600000000000000e+04
5.687600000000000000e+04
5.756300000000000000e+04
5.770400000000000000e+04
5.810000000000000000e+04
6.174400000000000000e+04
6.205300000000000000e+04
6.396600000000000000e+04
6.425200000000000000e+04
6.521300000000000000e+04
6.545000000000000000e+04
6.639400000000000000e+04
6.718100000000000000e+04
6.734700000000000000e+04
6.767400000000000000e+04
6.833300000000000000e+04
6.942900000000000000e+04
7.336000000000000000e+04
7.342300000000000000e+04
7.400300000000000000e+04
7.452600000000000000e+04
7.469000000000000000e+04
7.562900000000000000e+04
7.571900000000000000e+04
7.578300000000000000e+04
7.755100000000000000e+04
7.799700000000000000e+04
7.868000000000000000e+04
7.928000000000000000e+04
8.114300000000000000e+04
8.159700000000000000e+04
8.183400000000000000e+04
8.367500000000000000e+04
8.635400000000000000e+04
8.673000000000000000e+04
8.714100000000000000e+04
