3.233000000000000000e+04
3.586800000000000000e+04
5.406400000000000000e+04
6.493600000000000000e+04
6.895400000000000000e+04
6.952200000000000000e+04
7.848600000000000000e+04
1.253270000000000000e+05
1.528770000000000000e+05
1.615690000000000000e+05
1.636650000000000000e+05
1.879170000000000000e+05
2.058380000000000000e+05
2.114830000000000000e+05
2.150180000000000000e+05
2.271740000000000000e+05
2.375440000000000000e+05
2.640530000000000000e+05
2.829440000000000000e+05
2.975330000000000000e+05
3.181410000000000000e+05
3.214410000000000000e+05
3.240170000000000000e+05
3.588860000000000000e+05
