1.435000000000000000e+03
1.208900000000000000e+04
2.194900000000000000e+04
3.516300000000000000e+04
3.916400000000000000e+04
4.902500000000000000e+04
5.401500000000000000e+04
6.634600000000000000e+04
7.385700000000000000e+04
9.857100000000000000e+04
1.088450000000000000e+05
1.275760000000000000e+05
1.488690000000000000e+05
1.620340000000000000e+05
1.701780000000000000e+05
1.702420000000000000e+05
1.787980000000000000e+05
1.811760000000000000e+05
1.900950000000000000e+05
1.916940000000000000e+05
1.928600000000000000e+05
1.958140000000000000e+05
2.006600000000000000e+05
2.022600000000000000e+05
2.034830000000000000e+05
2.156740000000000000e+05
2.337560000000000000e+05
2.482460000000000000e+05
2.516130000000000000e+05
2.790270000000000000e+05
3.069900000000000000e+05
3.219160000000000000e+05
3.292150000000000000e+05
3.421280000000000000e+05
3.458150000000000000e+05
