0.000000000000000000e+00
2.000000000000000000e+00
8.000000000000000000e+00
1.000000000000000000e+01
1.200000000000000000e+01
1.300000000000000000e+01
1.600000000000000000e+01
1.700000000000000000e+01
2.000000000000000000e+01
2.100000000000000000e+01
2.300000000000000000e+01
2.700000000000000000e+01
3.000000000000000000e+01
3.200000000000000000e+01
4.500000000000000000e+01
5.100000000000000000e+01
5.600000000000000000e+01
6.100000000000000000e+01
6.600000000000000000e+01
6.700000000000000000e+01
7.200000000000000000e+01
7.600000000000000000e+01
7.800000000000000000e+01
8.000000000000000000e+01
8.500000000000000000e+01
8.600000000000000000e+01
9.100000000000000000e+01
9.400000000000000000e+01
9.500000000000000000e+01
9.600000000000000000e+01
9.700000000000000000e+01
1.000000000000000000e+02
1.040000000000000000e+02
1.060000000000000000e+02
1.070000000000000000e+02
1.090000000000000000e+02
1.120000000000000000e+02
1.150000000000000000e+02
1.170000000000000000e+02
1.230000000000000000e+02
1.310000000000000000e+02
1.510000000000000000e+02
1.530000000000000000e+02
1.560000000000000000e+02
1.630000000000000000e+02
1.650000000000000000e+02
1.700000000000000000e+02
1.710000000000000000e+02
1.740000000000000000e+02
1.770000000000000000e+02
1.830000000000000000e+02
1.840000000000000000e+02
1.880000000000000000e+02
1.910000000000000000e+02
1.940000000000000000e+02
1.960000000000000000e+02
1.970000000000000000e+02
1.990000000000000000e+02
2.080000000000000000e+02
2.090000000000000000e+02
2.150000000000000000e+02
2.160000000000000000e+02
2.220000000000000000e+02
2.240000000000000000e+02
2.250000000000000000e+02
2.260000000000000000e+02
2.290000000000000000e+02
2.300000000000000000e+02
2.420000000000000000e+02
2.430000000000000000e+02
2.530000000000000000e+02
2.560000000000000000e+02
2.570000000000000000e+02
2.580000000000000000e+02
2.610000000000000000e+02
2.630000000000000000e+02
2.660000000000000000e+02
2.710000000000000000e+02
2.750000000000000000e+02
2.780000000000000000e+02
2.800000000000000000e+02
2.810000000000000000e+02
2.840000000000000000e+02
2.860000000000000000e+02
2.890000000000000000e+02
2.970000000000000000e+02
3.010000000000000000e+02
3.040000000000000000e+02
3.060000000000000000e+02
3.080000000000000000e+02
3.100000000000000000e+02
3.110000000000000000e+02
3.170000000000000000e+02
3.180000000000000000e+02
3.220000000000000000e+02
3.250000000000000000e+02
3.280000000000000000e+02
3.310000000000000000e+02
3.340000000000000000e+02
3.410000000000000000e+02
3.430000000000000000e+02
3.450000000000000000e+02
3.460000000000000000e+02
3.490000000000000000e+02
3.500000000000000000e+02
3.550000000000000000e+02
3.620000000000000000e+02
3.630000000000000000e+02
3.660000000000000000e+02
3.690000000000000000e+02
3.710000000000000000e+02
3.760000000000000000e+02
3.800000000000000000e+02
3.890000000000000000e+02
3.900000000000000000e+02
3.980000000000000000e+02
4.000000000000000000e+02
4.020000000000000000e+02
4.040000000000000000e+02
4.050000000000000000e+02
4.150000000000000000e+02
4.170000000000000000e+02
4.180000000000000000e+02
4.190000000000000000e+02
4.210000000000000000e+02
4.220000000000000000e+02
4.280000000000000000e+02
4.330000000000000000e+02
4.340000000000000000e+02
4.370000000000000000e+02
4.400000000000000000e+02
4.450000000000000000e+02
4.480000000000000000e+02
4.500000000000000000e+02
4.510000000000000000e+02
4.520000000000000000e+02
4.530000000000000000e+02
4.540000000000000000e+02
4.580000000000000000e+02
4.590000000000000000e+02
4.600000000000000000e+02
4.620000000000000000e+02
4.640000000000000000e+02
4.740000000000000000e+02
4.750000000000000000e+02
4.840000000000000000e+02
4.910000000000000000e+02
4.940000000000000000e+02
5.000000000000000000e+02
5.050000000000000000e+02
5.060000000000000000e+02
5.070000000000000000e+02
5.100000000000000000e+02
5.130000000000000000e+02
5.150000000000000000e+02
5.170000000000000000e+02
5.180000000000000000e+02
5.220000000000000000e+02
5.230000000000000000e+02
5.240000000000000000e+02
5.320000000000000000e+02
5.330000000000000000e+02
5.340000000000000000e+02
5.350000000000000000e+02
5.360000000000000000e+02
5.370000000000000000e+02
5.380000000000000000e+02
5.390000000000000000e+02
5.450000000000000000e+02
5.490000000000000000e+02
5.530000000000000000e+02
5.540000000000000000e+02
5.570000000000000000e+02
5.650000000000000000e+02
5.660000000000000000e+02
5.690000000000000000e+02
5.700000000000000000e+02
5.720000000000000000e+02
5.820000000000000000e+02
5.860000000000000000e+02
5.870000000000000000e+02
5.900000000000000000e+02
5.990000000000000000e+02
6.000000000000000000e+02
6.020000000000000000e+02
6.050000000000000000e+02
6.060000000000000000e+02
6.080000000000000000e+02
6.090000000000000000e+02
6.100000000000000000e+02
6.200000000000000000e+02
6.220000000000000000e+02
6.230000000000000000e+02
6.260000000000000000e+02
6.270000000000000000e+02
6.310000000000000000e+02
6.340000000000000000e+02
6.390000000000000000e+02
6.440000000000000000e+02
6.450000000000000000e+02
6.470000000000000000e+02
6.480000000000000000e+02
6.490000000000000000e+02
6.500000000000000000e+02
6.550000000000000000e+02
6.560000000000000000e+02
6.590000000000000000e+02
6.600000000000000000e+02
6.620000000000000000e+02
6.640000000000000000e+02
6.660000000000000000e+02
6.710000000000000000e+02
6.850000000000000000e+02
6.880000000000000000e+02
6.910000000000000000e+02
6.940000000000000000e+02
6.990000000000000000e+02
7.010000000000000000e+02
7.020000000000000000e+02
7.060000000000000000e+02
7.110000000000000000e+02
7.130000000000000000e+02
7.140000000000000000e+02
7.150000000000000000e+02
7.160000000000000000e+02
7.180000000000000000e+02
7.240000000000000000e+02
7.260000000000000000e+02
7.300000000000000000e+02
7.310000000000000000e+02
7.330000000000000000e+02
7.350000000000000000e+02
7.380000000000000000e+02
7.430000000000000000e+02
7.440000000000000000e+02
7.470000000000000000e+02
7.480000000000000000e+02
7.500000000000000000e+02
7.510000000000000000e+02
7.650000000000000000e+02
7.710000000000000000e+02
7.740000000000000000e+02
7.820000000000000000e+02
7.830000000000000000e+02
7.870000000000000000e+02
7.890000000000000000e+02
7.930000000000000000e+02
7.940000000000000000e+02
8.030000000000000000e+02
8.050000000000000000e+02
8.090000000000000000e+02
8.120000000000000000e+02
8.140000000000000000e+02
8.170000000000000000e+02
8.180000000000000000e+02
8.220000000000000000e+02
8.230000000000000000e+02
8.250000000000000000e+02
8.290000000000000000e+02
8.340000000000000000e+02
8.370000000000000000e+02
8.400000000000000000e+02
8.450000000000000000e+02
8.540000000000000000e+02
8.590000000000000000e+02
8.620000000000000000e+02
8.630000000000000000e+02
8.640000000000000000e+02
8.700000000000000000e+02
8.710000000000000000e+02
8.750000000000000000e+02
8.760000000000000000e+02
8.830000000000000000e+02
8.980000000000000000e+02
9.000000000000000000e+02
9.030000000000000000e+02
9.060000000000000000e+02
9.100000000000000000e+02
9.130000000000000000e+02
9.180000000000000000e+02
9.230000000000000000e+02
9.240000000000000000e+02
9.250000000000000000e+02
9.320000000000000000e+02
9.340000000000000000e+02
9.360000000000000000e+02
9.390000000000000000e+02
9.440000000000000000e+02
9.490000000000000000e+02
9.500000000000000000e+02
9.570000000000000000e+02
9.630000000000000000e+02
9.640000000000000000e+02
9.700000000000000000e+02
9.730000000000000000e+02
9.740000000000000000e+02
9.760000000000000000e+02
9.770000000000000000e+02
9.830000000000000000e+02
9.850000000000000000e+02
9.870000000000000000e+02
9.880000000000000000e+02
9.930000000000000000e+02
9.970000000000000000e+02
