5.398000000000000000e+03
1.380700000000000000e+04
1.846200000000000000e+04
2.134900000000000000e+04
3.405100000000000000e+04
5.338700000000000000e+04
5.874600000000000000e+04
7.487800000000000000e+04
7.506900000000000000e+04
9.684500000000000000e+04
1.132550000000000000e+05
1.187080000000000000e+05
1.282490000000000000e+05
1.516430000000000000e+05
1.628840000000000000e+05
1.914040000000000000e+05
1.976770000000000000e+05
1.988380000000000000e+05
2.027280000000000000e+05
2.329830000000000000e+05
2.331240000000000000e+05
2.358990000000000000e+05
2.420500000000000000e+05
2.513860000000000000e+05
2.638740000000000000e+05
2.677860000000000000e+05
2.916830000000000000e+05
2.921590000000000000e+05
3.037160000000000000e+05
3.170260000000000000e+05
3.186380000000000000e+05
3.238640000000000000e+05
3.361530000000000000e+05
3.478140000000000000e+05
