1.605900000000000000e+04
3.190300000000000000e+04
4.592700000000000000e+04
4.771200000000000000e+04
5.070600000000000000e+04
6.670900000000000000e+04
9.694800000000000000e+04
1.083160000000000000e+05
1.097870000000000000e+05
1.203710000000000000e+05
1.351870000000000000e+05
1.404720000000000000e+05
1.466440000000000000e+05
1.490150000000000000e+05
1.561390000000000000e+05
2.015740000000000000e+05
2.168750000000000000e+05
2.391250000000000000e+05
2.859240000000000000e+05
3.165540000000000000e+05
3.165720000000000000e+05
3.249130000000000000e+05
3.263570000000000000e+05
3.325860000000000000e+05
3.359730000000000000e+05
3.380760000000000000e+05
3.411630000000000000e+05
3.487660000000000000e+05
3.599820000000000000e+05
