9.210000000000000000e+02
1.057000000000000000e+03
1.675000000000000000e+03
4.047000000000000000e+03
4.179000000000000000e+03
5.010000000000000000e+03
7.719000000000000000e+03
7.895000000000000000e+03
8.518000000000000000e+03
1.087900000000000000e+04
1.162300000000000000e+04
1.263600000000000000e+04
1.744100000000000000e+04
1.752900000000000000e+04
1.813300000000000000e+04
1.813700000000000000e+04
1.840200000000000000e+04
1.879100000000000000e+04
1.908000000000000000e+04
2.356600000000000000e+04
2.475800000000000000e+04
2.502400000000000000e+04
2.507300000000000000e+04
2.577600000000000000e+04
2.684100000000000000e+04
2.750400000000000000e+04
3.059800000000000000e+04
3.079000000000000000e+04
3.147700000000000000e+04
3.264300000000000000e+04
3.277300000000000000e+04
3.475400000000000000e+04
3.499700000000000000e+04
3.675700000000000000e+04
3.734600000000000000e+04
3.871800000000000000e+04
3.985700000000000000e+04
4.125500000000000000e+04
4.256300000000000000e+04
4.272600000000000000e+04
4.286600000000000000e+04
4.495700000000000000e+04
