2.441500000000000000e+04
3.313800000000000000e+04
4.083600000000000000e+04
6.818300000000000000e+04
7.519200000000000000e+04
1.047520000000000000e+05
1.101910000000000000e+05
1.226840000000000000e+05
1.244270000000000000e+05
1.275160000000000000e+05
1.297350000000000000e+05
1.316960000000000000e+05
1.515340000000000000e+05
1.659360000000000000e+05
1.834790000000000000e+05
1.870530000000000000e+05
1.893670000000000000e+05
2.132540000000000000e+05
2.183870000000000000e+05
2.223890000000000000e+05
2.510650000000000000e+05
2.589940000000000000e+05
2.668010000000000000e+05
3.197530000000000000e+05
3.523630000000000000e+05
3.628130000000000000e+05
