2.119700000000000000e+04
3.702000000000000000e+04
4.163800000000000000e+04
5.905900000000000000e+04
6.750600000000000000e+04
7.731500000000000000e+04
8.641500000000000000e+04
1.036390000000000000e+05
1.151650000000000000e+05
1.465780000000000000e+05
1.576080000000000000e+05
1.588030000000000000e+05
1.719410000000000000e+05
1.907380000000000000e+05
1.951330000000000000e+05
2.103370000000000000e+05
2.260380000000000000e+05
2.283890000000000000e+05
2.296510000000000000e+05
2.531280000000000000e+05
2.553890000000000000e+05
2.827570000000000000e+05
3.076700000000000000e+05
3.159900000000000000e+05
3.378000000000000000e+05
3.518520000000000000e+05
3.607410000000000000e+05
