4.884000000000000000e+03
5.935000000000000000e+03
3.643300000000000000e+04
4.677400000000000000e+04
5.493100000000000000e+04
9.920700000000000000e+04
1.388700000000000000e+05
1.461260000000000000e+05
1.461390000000000000e+05
1.572170000000000000e+05
1.943670000000000000e+05
1.988380000000000000e+05
2.085510000000000000e+05
2.126260000000000000e+05
2.220950000000000000e+05
2.374870000000000000e+05
2.457630000000000000e+05
2.699800000000000000e+05
2.775820000000000000e+05
2.782880000000000000e+05
3.007400000000000000e+05
3.068090000000000000e+05
3.148080000000000000e+05
3.385380000000000000e+05
3.508420000000000000e+05
3.676140000000000000e+05
3.703910000000000000e+05
