6.198000000000000000e+03
3.793100000000000000e+04
8.606700000000000000e+04
8.972800000000000000e+04
9.652100000000000000e+04
9.711300000000000000e+04
1.314030000000000000e+05
1.743950000000000000e+05
1.843340000000000000e+05
1.927360000000000000e+05
1.949580000000000000e+05
1.954420000000000000e+05
2.031160000000000000e+05
2.175590000000000000e+05
2.194790000000000000e+05
2.232210000000000000e+05
2.234270000000000000e+05
2.359130000000000000e+05
2.672360000000000000e+05
2.676450000000000000e+05
2.747710000000000000e+05
2.788190000000000000e+05
2.855020000000000000e+05
3.217630000000000000e+05
3.298040000000000000e+05
3.560250000000000000e+05
3.580610000000000000e+05
3.678520000000000000e+05
