1.027400000000000000e+04
1.461100000000000000e+04
2.184900000000000000e+04
3.706000000000000000e+04
4.076200000000000000e+04
5.427000000000000000e+04
5.922900000000000000e+04
7.253300000000000000e+04
9.395700000000000000e+04
1.096780000000000000e+05
1.203450000000000000e+05
1.296400000000000000e+05
1.310320000000000000e+05
1.313360000000000000e+05
1.323540000000000000e+05
1.584430000000000000e+05
1.628560000000000000e+05
1.672650000000000000e+05
1.689990000000000000e+05
1.996010000000000000e+05
2.036770000000000000e+05
2.393430000000000000e+05
2.462130000000000000e+05
2.474310000000000000e+05
2.488320000000000000e+05
2.635980000000000000e+05
3.087640000000000000e+05
3.369890000000000000e+05
3.373070000000000000e+05
3.411670000000000000e+05
3.445240000000000000e+05
3.604480000000000000e+05
