7.839000000000000000e+03
1.994400000000000000e+04
2.238000000000000000e+04
3.104600000000000000e+04
3.195000000000000000e+04
3.701500000000000000e+04
3.966800000000000000e+04
5.179000000000000000e+04
6.301600000000000000e+04
7.031800000000000000e+04
8.850300000000000000e+04
1.206190000000000000e+05
1.267580000000000000e+05
1.350280000000000000e+05
1.454000000000000000e+05
1.486040000000000000e+05
1.537450000000000000e+05
1.695600000000000000e+05
1.742960000000000000e+05
1.759860000000000000e+05
1.778630000000000000e+05
1.812960000000000000e+05
1.842580000000000000e+05
1.943520000000000000e+05
2.394240000000000000e+05
2.401960000000000000e+05
2.568880000000000000e+05
2.593680000000000000e+05
3.131190000000000000e+05
3.235120000000000000e+05
3.636750000000000000e+05
