1.399800000000000000e+04
3.231200000000000000e+04
3.420400000000000000e+04
5.084500000000000000e+04
5.946400000000000000e+04
7.337200000000000000e+04
7.410300000000000000e+04
9.176600000000000000e+04
9.376200000000000000e+04
9.759200000000000000e+04
1.028940000000000000e+05
1.046650000000000000e+05
1.391030000000000000e+05
1.470080000000000000e+05
1.612730000000000000e+05
1.617250000000000000e+05
1.905940000000000000e+05
2.046180000000000000e+05
2.198750000000000000e+05
2.335290000000000000e+05
2.447060000000000000e+05
2.530030000000000000e+05
2.613270000000000000e+05
2.687090000000000000e+05
2.722520000000000000e+05
2.920150000000000000e+05
2.960370000000000000e+05
3.121050000000000000e+05
3.174240000000000000e+05
3.340390000000000000e+05
3.446270000000000000e+05
3.484000000000000000e+05
