1.853500000000000000e+04
2.248900000000000000e+04
2.898800000000000000e+04
3.015800000000000000e+04
3.623100000000000000e+04
4.433000000000000000e+04
7.631400000000000000e+04
9.692100000000000000e+04
1.016870000000000000e+05
1.259610000000000000e+05
1.320980000000000000e+05
1.455950000000000000e+05
1.623070000000000000e+05
1.663380000000000000e+05
1.751170000000000000e+05
1.751830000000000000e+05
1.885360000000000000e+05
1.908230000000000000e+05
2.200210000000000000e+05
2.493450000000000000e+05
2.502220000000000000e+05
2.603140000000000000e+05
2.730860000000000000e+05
2.924730000000000000e+05
3.023770000000000000e+05
3.207910000000000000e+05
3.347170000000000000e+05
3.391360000000000000e+05
