1.629000000000000000e+04
3.443500000000000000e+04
4.778400000000000000e+04
6.772000000000000000e+04
8.498200000000000000e+04
1.214710000000000000e+05
1.302570000000000000e+05
1.589680000000000000e+05
1.751780000000000000e+05
1.799610000000000000e+05
2.247320000000000000e+05
2.425940000000000000e+05
2.431700000000000000e+05
2.514820000000000000e+05
2.577460000000000000e+05
2.584180000000000000e+05
2.750730000000000000e+05
2.862890000000000000e+05
2.885210000000000000e+05
2.887280000000000000e+05
2.944880000000000000e+05
3.395370000000000000e+05
3.492240000000000000e+05
3.571300000000000000e+05
3.585760000000000000e+05
3.601900000000000000e+05
3.748990000000000000e+05
3.867030000000000000e+05
4.053730000000000000e+05
4.180790000000000000e+05
4.296370000000000000e+05
4.501680000000000000e+05
4.630290000000000000e+05
4.649650000000000000e+05
4.803910000000000000e+05
5.160050000000000000e+05
5.319890000000000000e+05
5.525430000000000000e+05
5.532630000000000000e+05
5.535980000000000000e+05
5.838810000000000000e+05
5.874450000000000000e+05
5.937640000000000000e+05
6.031080000000000000e+05
6.118050000000000000e+05
6.183250000000000000e+05
6.260880000000000000e+05
6.558380000000000000e+05
6.627800000000000000e+05
6.633180000000000000e+05
6.692720000000000000e+05
6.798630000000000000e+05
7.106940000000000000e+05
7.173070000000000000e+05
7.344700000000000000e+05
7.514370000000000000e+05
7.536860000000000000e+05
7.710160000000000000e+05
7.786110000000000000e+05
7.926400000000000000e+05
8.055630000000000000e+05
8.110340000000000000e+05
8.261810000000000000e+05
8.395730000000000000e+05
8.471750000000000000e+05
8.479350000000000000e+05
8.546580000000000000e+05
8.683560000000000000e+05
8.763960000000000000e+05
8.826210000000000000e+05
8.934040000000000000e+05
9.027360000000000000e+05
9.290070000000000000e+05
9.331740000000000000e+05
9.376200000000000000e+05
9.524230000000000000e+05
9.716520000000000000e+05
9.907810000000000000e+05
9.938530000000000000e+05
1.007496000000000000e+06
1.023301000000000000e+06
1.034704000000000000e+06
1.043281000000000000e+06
1.063817000000000000e+06
1.082315000000000000e+06
1.101054000000000000e+06
1.146135000000000000e+06
1.164398000000000000e+06
1.178593000000000000e+06
1.194373000000000000e+06
1.195427000000000000e+06
1.202936000000000000e+06
1.205665000000000000e+06
1.206395000000000000e+06
1.211090000000000000e+06
1.212845000000000000e+06
1.217115000000000000e+06
1.217565000000000000e+06
1.230214000000000000e+06
1.252489000000000000e+06
1.307550000000000000e+06
1.330701000000000000e+06
1.344495000000000000e+06
1.364882000000000000e+06
1.367303000000000000e+06
1.368556000000000000e+06
1.390296000000000000e+06
1.407931000000000000e+06
1.415946000000000000e+06
1.428405000000000000e+06
1.443895000000000000e+06
1.446657000000000000e+06
1.450763000000000000e+06
1.480723000000000000e+06
1.481076000000000000e+06
1.486213000000000000e+06
1.499912000000000000e+06
1.511668000000000000e+06
1.522642000000000000e+06
1.533481000000000000e+06
1.553320000000000000e+06
1.556899000000000000e+06
1.567435000000000000e+06
1.575286000000000000e+06
1.578355000000000000e+06
1.579419000000000000e+06
1.588054000000000000e+06
1.597101000000000000e+06
1.604689000000000000e+06
1.605088000000000000e+06
1.609747000000000000e+06
1.623806000000000000e+06
1.637459000000000000e+06
1.642522000000000000e+06
1.651463000000000000e+06
1.657289000000000000e+06
1.668359000000000000e+06
1.679500000000000000e+06
1.681573000000000000e+06
1.719763000000000000e+06
1.730632000000000000e+06
