4.120000000000000000e+02
8.100000000000000000e+01
3.850000000000000000e+02
2.220000000000000000e+02
5.800000000000000000e+01
2.140000000000000000e+02
6.140000000000000000e+02
3.910000000000000000e+02
2.650000000000000000e+02
1.220000000000000000e+02
2.680000000000000000e+02
2.040000000000000000e+02
3.740000000000000000e+02
2.400000000000000000e+01
2.420000000000000000e+02
4.190000000000000000e+02
1.230000000000000000e+02
6.770000000000000000e+02
3.370000000000000000e+02
4.060000000000000000e+02
2.270000000000000000e+02
5.360000000000000000e+02
4.680000000000000000e+02
