2.000000000000000000e+02
9.810000000000000000e+02
2.540000000000000000e+02
7.730000000000000000e+02
1.620000000000000000e+02
9.480000000000000000e+02
3.330000000000000000e+02
2.020000000000000000e+02
6.390000000000000000e+02
9.700000000000000000e+01
8.700000000000000000e+01
3.970000000000000000e+02
8.350000000000000000e+02
2.780000000000000000e+02
1.030000000000000000e+02
1.093000000000000000e+03
4.000000000000000000e+00
5.650000000000000000e+02
3.480000000000000000e+02
8.200000000000000000e+01
3.120000000000000000e+02
8.700000000000000000e+02
4.000000000000000000e+00
1.120000000000000000e+02
1.510000000000000000e+02
2.430000000000000000e+02
8.610000000000000000e+02
7.200000000000000000e+01
2.320000000000000000e+02
2.900000000000000000e+01
1.520000000000000000e+02
8.700000000000000000e+01
2.450000000000000000e+02
4.160000000000000000e+02
1.520000000000000000e+02
