9.520000000000000000e+02
6.100000000000000000e+01
8.000000000000000000e+00
2.860000000000000000e+02
2.850000000000000000e+02
7.000000000000000000e+01
3.640000000000000000e+02
7.880000000000000000e+02
3.130000000000000000e+02
5.200000000000000000e+01
4.360000000000000000e+02
1.710000000000000000e+02
2.520000000000000000e+02
6.710000000000000000e+02
5.450000000000000000e+02
4.190000000000000000e+02
4.000000000000000000e+00
4.290000000000000000e+02
7.170000000000000000e+02
5.000000000000000000e+01
2.410000000000000000e+02
3.950000000000000000e+02
3.340000000000000000e+02
7.480000000000000000e+02
1.500000000000000000e+01
1.200000000000000000e+02
