2.180000000000000000e+02
9.780000000000000000e+02
5.930000000000000000e+02
3.600000000000000000e+02
2.180000000000000000e+02
3.100000000000000000e+02
8.700000000000000000e+01
2.980000000000000000e+02
1.630000000000000000e+02
9.480000000000000000e+02
3.320000000000000000e+02
4.780000000000000000e+02
1.590000000000000000e+02
1.250000000000000000e+02
1.135000000000000000e+03
4.710000000000000000e+02
2.460000000000000000e+02
2.430000000000000000e+02
1.910000000000000000e+02
5.380000000000000000e+02
1.130000000000000000e+02
2.310000000000000000e+02
7.180000000000000000e+02
1.570000000000000000e+02
8.800000000000000000e+01
2.870000000000000000e+02
2.300000000000000000e+01
