1.018750000000000000e+03
2.762500000000000000e+03
2.500000000000000000e+01
7.875000000000000000e+02
2.168750000000000000e+03
3.625000000000000000e+02
3.750000000000000000e+01
2.206250000000000000e+03
1.237500000000000000e+03
9.750000000000000000e+02
2.243750000000000000e+03
9.562500000000000000e+02
1.750000000000000000e+03
2.500000000000000000e+01
4.306250000000000000e+03
8.000000000000000000e+02
1.725000000000000000e+03
5.500000000000000000e+02
1.375000000000000000e+03
1.187500000000000000e+02
2.612500000000000000e+03
2.387500000000000000e+03
1.793750000000000000e+03
3.006250000000000000e+03
3.037500000000000000e+03
5.950000000000000000e+03
1.812500000000000000e+03
3.812500000000000000e+02
2.300000000000000000e+03
1.781250000000000000e+03
3.287500000000000000e+03
4.187500000000000000e+03
5.943750000000000000e+03
2.581250000000000000e+03
6.512500000000000000e+03
2.656250000000000000e+03
1.287500000000000000e+03
4.475000000000000000e+03
6.187500000000000000e+02
1.606250000000000000e+03
1.050000000000000000e+03
3.731250000000000000e+03
2.750000000000000000e+02
9.000000000000000000e+02
4.143750000000000000e+03
3.000000000000000000e+02
6.562500000000000000e+02
6.812500000000000000e+02
6.937500000000000000e+02
1.793750000000000000e+03
2.075000000000000000e+03
1.368750000000000000e+03
2.031250000000000000e+03
7.187500000000000000e+02
1.856250000000000000e+03
5.550000000000000000e+03
1.306250000000000000e+03
4.375000000000000000e+02
3.425000000000000000e+03
4.500000000000000000e+02
7.000000000000000000e+02
1.331250000000000000e+03
3.375000000000000000e+02
3.937500000000000000e+02
1.375000000000000000e+02
2.381250000000000000e+03
5.768750000000000000e+03
4.625000000000000000e+02
8.337500000000000000e+03
4.206250000000000000e+03
8.125000000000000000e+01
4.387500000000000000e+03
1.750000000000000000e+02
4.187500000000000000e+02
4.993750000000000000e+03
3.187500000000000000e+02
1.243750000000000000e+03
1.387500000000000000e+03
4.312500000000000000e+03
1.643750000000000000e+03
1.787500000000000000e+03
1.368750000000000000e+03
6.812500000000000000e+02
8.875000000000000000e+02
2.318750000000000000e+03
1.568750000000000000e+03
1.743750000000000000e+03
1.743750000000000000e+03
1.468750000000000000e+03
2.431250000000000000e+03
5.431250000000000000e+03
5.125000000000000000e+02
2.056250000000000000e+03
5.575000000000000000e+03
4.375000000000000000e+02
4.543750000000000000e+03
3.687500000000000000e+02
2.762500000000000000e+03
1.475000000000000000e+03
1.993750000000000000e+03
1.231250000000000000e+03
1.506250000000000000e+03
2.550000000000000000e+03
4.581250000000000000e+03
1.975000000000000000e+03
3.625000000000000000e+03
1.175000000000000000e+03
6.631250000000000000e+03
2.437500000000000000e+03
3.062500000000000000e+02
7.437500000000000000e+03
1.818750000000000000e+03
3.462500000000000000e+03
3.018750000000000000e+03
2.831250000000000000e+03
1.593750000000000000e+03
4.237500000000000000e+03
1.218750000000000000e+03
1.825000000000000000e+03
9.187500000000000000e+02
9.187500000000000000e+02
6.687500000000000000e+02
4.937500000000000000e+02
4.000000000000000000e+02
2.200000000000000000e+03
7.293750000000000000e+03
4.687500000000000000e+02
9.875000000000000000e+02
1.637500000000000000e+03
2.725000000000000000e+03
4.812500000000000000e+02
2.781250000000000000e+03
1.356250000000000000e+03
4.500000000000000000e+02
1.231250000000000000e+03
6.687500000000000000e+03
1.356250000000000000e+03
2.687500000000000000e+03
2.787500000000000000e+03
9.625000000000000000e+02
7.500000000000000000e+01
