5.710000000000000000e+02
2.730000000000000000e+02
8.400000000000000000e+01
4.090000000000000000e+02
1.304000000000000000e+03
2.430000000000000000e+02
8.900000000000000000e+01
1.900000000000000000e+01
1.900000000000000000e+02
1.190000000000000000e+02
4.750000000000000000e+02
3.200000000000000000e+02
4.850000000000000000e+02
2.380000000000000000e+02
3.470000000000000000e+02
1.050000000000000000e+02
3.230000000000000000e+02
2.200000000000000000e+01
1.650000000000000000e+02
1.500000000000000000e+01
4.400000000000000000e+01
1.710000000000000000e+02
