9.000000000000000000e+01
1.330000000000000000e+02
3.000000000000000000e+02
2.830000000000000000e+02
9.170000000000000000e+02
5.150000000000000000e+02
5.900000000000000000e+01
1.570000000000000000e+02
3.770000000000000000e+02
4.110000000000000000e+02
4.700000000000000000e+01
2.910000000000000000e+02
1.530000000000000000e+02
8.880000000000000000e+02
1.015000000000000000e+03
8.200000000000000000e+01
8.530000000000000000e+02
1.960000000000000000e+02
2.380000000000000000e+02
1.710000000000000000e+02
1.670000000000000000e+02
1.407000000000000000e+03
1.400000000000000000e+02
1.200000000000000000e+01
1.040000000000000000e+02
