4.190000000000000000e+02
1.210000000000000000e+02
1.180000000000000000e+02
5.940000000000000000e+02
4.300000000000000000e+01
1.310000000000000000e+02
1.160000000000000000e+02
6.720000000000000000e+02
3.040000000000000000e+02
8.660000000000000000e+02
4.170000000000000000e+02
5.780000000000000000e+02
3.480000000000000000e+02
2.050000000000000000e+02
6.170000000000000000e+02
8.400000000000000000e+01
3.300000000000000000e+02
2.270000000000000000e+02
1.820000000000000000e+02
1.110000000000000000e+02
1.490000000000000000e+02
3.020000000000000000e+02
6.490000000000000000e+02
