2.290000000000000000e+02
8.320000000000000000e+02
9.810000000000000000e+02
3.420000000000000000e+02
1.159000000000000000e+03
8.980000000000000000e+02
7.060000000000000000e+02
1.383000000000000000e+03
4.680000000000000000e+02
4.000000000000000000e+00
1.290000000000000000e+02
4.160000000000000000e+02
9.710000000000000000e+02
1.740000000000000000e+02
3.680000000000000000e+02
5.100000000000000000e+01
2.700000000000000000e+01
1.364000000000000000e+03
5.900000000000000000e+01
1.300000000000000000e+02
1.242000000000000000e+03
1.454000000000000000e+03
2.490000000000000000e+02
