1.570000000000000000e+02
1.230000000000000000e+02
4.000000000000000000e+01
4.050000000000000000e+02
1.940000000000000000e+02
9.530000000000000000e+02
1.170000000000000000e+02
1.200000000000000000e+02
1.670000000000000000e+02
8.800000000000000000e+01
4.550000000000000000e+02
6.980000000000000000e+02
8.380000000000000000e+02
3.470000000000000000e+02
1.890000000000000000e+02
1.720000000000000000e+02
3.790000000000000000e+02
4.780000000000000000e+02
1.710000000000000000e+02
7.000000000000000000e+01
7.900000000000000000e+01
1.000000000000000000e+02
4.650000000000000000e+02
6.000000000000000000e+02
3.040000000000000000e+02
1.400000000000000000e+02
6.280000000000000000e+02
1.590000000000000000e+02
3.350000000000000000e+02
