3.750000000000000000e+01
1.337500000000000000e+03
3.906250000000000000e+03
1.750000000000000000e+02
2.112500000000000000e+03
1.500000000000000000e+03
2.500000000000000000e+01
4.518750000000000000e+03
2.762500000000000000e+03
7.500000000000000000e+01
1.325000000000000000e+03
2.775000000000000000e+03
2.500000000000000000e+01
1.543750000000000000e+03
2.918750000000000000e+03
4.937500000000000000e+02
2.500000000000000000e+01
2.175000000000000000e+03
1.200000000000000000e+03
5.437500000000000000e+02
2.500000000000000000e+01
2.750000000000000000e+02
5.381250000000000000e+03
1.675000000000000000e+03
4.312500000000000000e+02
2.762500000000000000e+03
2.018750000000000000e+03
3.012500000000000000e+03
2.500000000000000000e+01
6.493750000000000000e+03
4.106250000000000000e+03
4.293750000000000000e+03
6.206250000000000000e+03
3.562500000000000000e+03
2.962500000000000000e+03
2.768750000000000000e+03
2.562500000000000000e+03
1.025000000000000000e+03
1.662500000000000000e+03
1.343750000000000000e+03
2.000000000000000000e+03
5.312500000000000000e+02
1.443750000000000000e+03
3.231250000000000000e+03
1.250000000000000000e+02
3.750000000000000000e+02
5.987500000000000000e+03
6.625000000000000000e+02
1.981250000000000000e+03
2.375000000000000000e+02
3.162500000000000000e+03
1.012500000000000000e+03
1.475000000000000000e+03
2.675000000000000000e+03
1.637500000000000000e+03
3.400000000000000000e+03
2.062500000000000000e+03
3.237500000000000000e+03
1.875000000000000000e+02
4.675000000000000000e+03
4.250000000000000000e+02
2.375000000000000000e+02
2.500000000000000000e+01
1.281250000000000000e+03
2.037500000000000000e+03
8.750000000000000000e+01
9.143750000000000000e+03
1.812500000000000000e+02
2.325000000000000000e+03
2.937500000000000000e+02
3.550000000000000000e+03
2.875000000000000000e+02
5.000000000000000000e+01
1.137500000000000000e+03
4.093750000000000000e+03
2.187500000000000000e+02
1.975000000000000000e+03
1.825000000000000000e+03
5.175000000000000000e+03
3.437500000000000000e+03
3.625000000000000000e+02
2.387500000000000000e+03
7.812500000000000000e+02
2.206250000000000000e+03
2.100000000000000000e+03
3.312500000000000000e+02
5.181250000000000000e+03
2.750000000000000000e+02
1.643750000000000000e+03
6.843750000000000000e+03
4.062500000000000000e+02
2.643750000000000000e+03
1.750000000000000000e+03
3.706250000000000000e+03
2.187500000000000000e+03
2.500000000000000000e+01
7.687500000000000000e+02
2.631250000000000000e+03
7.125000000000000000e+02
4.625000000000000000e+02
2.512500000000000000e+03
1.000000000000000000e+02
2.556250000000000000e+03
4.375000000000000000e+01
4.862500000000000000e+03
2.350000000000000000e+03
6.625000000000000000e+02
1.562500000000000000e+03
2.787500000000000000e+03
3.506250000000000000e+03
9.500000000000000000e+02
2.875000000000000000e+02
3.212500000000000000e+03
5.187500000000000000e+02
4.006250000000000000e+03
1.131250000000000000e+03
4.375000000000000000e+02
1.318750000000000000e+03
3.268750000000000000e+03
5.781250000000000000e+03
2.837500000000000000e+03
8.250000000000000000e+02
1.556250000000000000e+03
2.987500000000000000e+03
1.031250000000000000e+03
3.975000000000000000e+03
1.056250000000000000e+03
2.225000000000000000e+03
7.312500000000000000e+02
2.431250000000000000e+03
5.375000000000000000e+02
3.681250000000000000e+03
8.937500000000000000e+02
2.762500000000000000e+03
3.562500000000000000e+02
3.000000000000000000e+02
5.687500000000000000e+02
2.681250000000000000e+03
4.125000000000000000e+03
2.887500000000000000e+03
2.500000000000000000e+01
3.125000000000000000e+02
5.375000000000000000e+02
1.468750000000000000e+03
2.775000000000000000e+03
2.337500000000000000e+03
3.462500000000000000e+03
2.062500000000000000e+03
2.225000000000000000e+03
8.687500000000000000e+02
1.800000000000000000e+03
6.250000000000000000e+01
1.125000000000000000e+03
5.112500000000000000e+03
6.875000000000000000e+01
2.362500000000000000e+03
2.162500000000000000e+03
3.375000000000000000e+02
7.312500000000000000e+02
5.000000000000000000e+01
2.500000000000000000e+01
5.775000000000000000e+03
3.800000000000000000e+03
5.562500000000000000e+02
2.837500000000000000e+03
1.306250000000000000e+03
4.625000000000000000e+02
2.081250000000000000e+03
2.806250000000000000e+03
7.187500000000000000e+02
5.187500000000000000e+02
4.975000000000000000e+03
2.018750000000000000e+03
3.875000000000000000e+02
9.125000000000000000e+02
5.193750000000000000e+03
1.606250000000000000e+03
1.750000000000000000e+03
3.812500000000000000e+03
2.125000000000000000e+03
5.625000000000000000e+02
3.081250000000000000e+03
2.137500000000000000e+03
1.437500000000000000e+03
1.856250000000000000e+03
1.168750000000000000e+03
3.331250000000000000e+03
2.500000000000000000e+01
2.500000000000000000e+01
1.506250000000000000e+03
1.318750000000000000e+03
2.293750000000000000e+03
3.943750000000000000e+03
1.531250000000000000e+03
1.168750000000000000e+03
4.187500000000000000e+03
2.856250000000000000e+03
1.106250000000000000e+03
3.487500000000000000e+03
9.437500000000000000e+02
1.575000000000000000e+03
1.231250000000000000e+03
2.056250000000000000e+03
1.656250000000000000e+03
2.300000000000000000e+03
3.650000000000000000e+03
8.400000000000000000e+03
2.431250000000000000e+03
2.987500000000000000e+03
5.750000000000000000e+02
5.768750000000000000e+03
6.250000000000000000e+02
4.375000000000000000e+01
1.087500000000000000e+03
7.875000000000000000e+02
1.781250000000000000e+03
9.250000000000000000e+02
2.500000000000000000e+01
4.787500000000000000e+03
8.125000000000000000e+02
2.500000000000000000e+01
1.425000000000000000e+03
4.506250000000000000e+03
3.937500000000000000e+02
6.562500000000000000e+02
3.062500000000000000e+02
4.250000000000000000e+02
5.943750000000000000e+03
1.018750000000000000e+03
3.143750000000000000e+03
3.937500000000000000e+03
6.156250000000000000e+03
1.481250000000000000e+03
9.500000000000000000e+02
7.437500000000000000e+02
1.931250000000000000e+03
5.187500000000000000e+02
2.500000000000000000e+01
5.718750000000000000e+03
8.387500000000000000e+03
4.587500000000000000e+03
6.937500000000000000e+02
2.437500000000000000e+02
2.725000000000000000e+03
1.156250000000000000e+03
7.875000000000000000e+02
5.812500000000000000e+02
3.925000000000000000e+03
2.200000000000000000e+03
4.937500000000000000e+02
3.731250000000000000e+03
2.562500000000000000e+03
3.018750000000000000e+03
1.375000000000000000e+02
6.125000000000000000e+02
1.387500000000000000e+03
2.243750000000000000e+03
6.006250000000000000e+03
2.162500000000000000e+03
1.943750000000000000e+03
6.062500000000000000e+02
4.250000000000000000e+02
3.375000000000000000e+02
7.062500000000000000e+02
2.087500000000000000e+03
3.937500000000000000e+02
2.100000000000000000e+03
7.250000000000000000e+02
4.281250000000000000e+03
2.818750000000000000e+03
1.000000000000000000e+02
9.312500000000000000e+02
8.837500000000000000e+03
1.750000000000000000e+03
1.318750000000000000e+03
2.975000000000000000e+03
1.231250000000000000e+03
3.362500000000000000e+03
5.893750000000000000e+03
1.962500000000000000e+03
6.331250000000000000e+03
1.312500000000000000e+02
8.125000000000000000e+01
1.487500000000000000e+03
4.375000000000000000e+01
3.250000000000000000e+02
1.587500000000000000e+03
3.493750000000000000e+03
3.375000000000000000e+03
7.081250000000000000e+03
3.518750000000000000e+03
3.906250000000000000e+03
2.106250000000000000e+03
6.687500000000000000e+02
2.500000000000000000e+01
1.837500000000000000e+03
2.656250000000000000e+03
2.337500000000000000e+03
2.862500000000000000e+03
5.000000000000000000e+02
4.750000000000000000e+02
2.687500000000000000e+02
1.725000000000000000e+03
1.343750000000000000e+03
3.062500000000000000e+02
5.837500000000000000e+03
1.343750000000000000e+03
4.750000000000000000e+02
4.425000000000000000e+03
1.693750000000000000e+03
6.562500000000000000e+02
3.731250000000000000e+03
2.500000000000000000e+01
3.825000000000000000e+03
3.562500000000000000e+02
8.312500000000000000e+02
3.275000000000000000e+03
9.312500000000000000e+02
1.793750000000000000e+03
1.743750000000000000e+03
2.812500000000000000e+03
5.731250000000000000e+03
1.800000000000000000e+03
2.368750000000000000e+03
5.000000000000000000e+01
2.737500000000000000e+03
1.862500000000000000e+03
3.650000000000000000e+03
3.375000000000000000e+02
2.556250000000000000e+03
2.062500000000000000e+02
1.962500000000000000e+03
4.818750000000000000e+03
8.812500000000000000e+02
1.937500000000000000e+02
3.243750000000000000e+03
2.818750000000000000e+03
2.625000000000000000e+02
2.500000000000000000e+01
2.500000000000000000e+01
6.875000000000000000e+01
2.500000000000000000e+01
3.000000000000000000e+02
2.562500000000000000e+02
6.312500000000000000e+02
9.437500000000000000e+02
3.225000000000000000e+03
1.625000000000000000e+02
2.750000000000000000e+02
3.781250000000000000e+03
2.562500000000000000e+03
3.125000000000000000e+02
1.556250000000000000e+03
7.375000000000000000e+02
7.500000000000000000e+01
2.500000000000000000e+01
3.231250000000000000e+03
1.356250000000000000e+03
4.318750000000000000e+03
3.637500000000000000e+03
4.687500000000000000e+02
2.831250000000000000e+03
2.125000000000000000e+02
6.250000000000000000e+02
1.318750000000000000e+03
5.437500000000000000e+02
3.312500000000000000e+02
3.212500000000000000e+03
2.025000000000000000e+03
1.412500000000000000e+03
1.656250000000000000e+03
2.375000000000000000e+03
4.200000000000000000e+03
7.625000000000000000e+02
8.750000000000000000e+02
9.875000000000000000e+02
1.012500000000000000e+03
8.375000000000000000e+02
1.093750000000000000e+03
8.812500000000000000e+02
3.093750000000000000e+03
7.062500000000000000e+02
2.500000000000000000e+01
2.868750000000000000e+03
2.625000000000000000e+03
6.562500000000000000e+02
2.218750000000000000e+03
