4.400000000000000000e+02
1.510000000000000000e+02
1.111000000000000000e+03
1.010000000000000000e+02
2.160000000000000000e+02
5.260000000000000000e+02
5.000000000000000000e+00
4.930000000000000000e+02
7.580000000000000000e+02
1.100000000000000000e+02
7.090000000000000000e+02
2.900000000000000000e+01
7.000000000000000000e+01
1.240000000000000000e+02
3.040000000000000000e+02
8.480000000000000000e+02
1.510000000000000000e+02
1.890000000000000000e+02
3.860000000000000000e+02
1.309000000000000000e+03
7.640000000000000000e+02
1.760000000000000000e+02
2.590000000000000000e+02
1.500000000000000000e+01
3.050000000000000000e+02
6.300000000000000000e+02
9.400000000000000000e+01
5.140000000000000000e+02
