1.850000000000000000e+02
7.960000000000000000e+02
3.200000000000000000e+01
2.060000000000000000e+02
4.090000000000000000e+02
1.700000000000000000e+01
2.330000000000000000e+02
1.140000000000000000e+02
5.080000000000000000e+02
2.210000000000000000e+02
4.200000000000000000e+02
2.400000000000000000e+01
3.110000000000000000e+02
4.960000000000000000e+02
2.910000000000000000e+02
1.155000000000000000e+03
5.500000000000000000e+01
5.290000000000000000e+02
1.370000000000000000e+02
3.550000000000000000e+02
1.160000000000000000e+02
4.240000000000000000e+02
3.030000000000000000e+02
7.740000000000000000e+02
2.490000000000000000e+02
3.060000000000000000e+02
