2.900000000000000000e+01
1.120000000000000000e+02
8.630000000000000000e+02
6.160000000000000000e+02
4.590000000000000000e+02
1.122000000000000000e+03
3.050000000000000000e+02
4.480000000000000000e+02
8.500000000000000000e+01
2.110000000000000000e+02
5.150000000000000000e+02
3.450000000000000000e+02
9.000000000000000000e+00
2.320000000000000000e+02
5.680000000000000000e+02
1.940000000000000000e+02
4.740000000000000000e+02
5.170000000000000000e+02
1.520000000000000000e+02
4.350000000000000000e+02
1.840000000000000000e+02
1.380000000000000000e+02
2.380000000000000000e+02
1.770000000000000000e+02
1.920000000000000000e+02
5.540000000000000000e+02
4.800000000000000000e+01
7.700000000000000000e+01
1.414000000000000000e+03
