1.212000000000000000e+03
2.530000000000000000e+02
6.800000000000000000e+02
4.800000000000000000e+02
6.500000000000000000e+01
2.550000000000000000e+02
3.600000000000000000e+02
1.550000000000000000e+02
7.000000000000000000e+00
2.240000000000000000e+02
2.450000000000000000e+02
3.000000000000000000e+00
2.690000000000000000e+02
3.880000000000000000e+02
1.330000000000000000e+02
2.600000000000000000e+02
1.780000000000000000e+02
3.280000000000000000e+02
7.550000000000000000e+02
2.200000000000000000e+02
4.300000000000000000e+01
2.700000000000000000e+02
3.160000000000000000e+02
4.420000000000000000e+02
1.670000000000000000e+02
2.270000000000000000e+02
3.030000000000000000e+02
4.400000000000000000e+01
1.930000000000000000e+02
3.760000000000000000e+02
1.040000000000000000e+02
5.880000000000000000e+02
2.100000000000000000e+01
1.170000000000000000e+02
9.000000000000000000e+00
4.540000000000000000e+02
3.000000000000000000e+00
5.640000000000000000e+02
3.190000000000000000e+02
1.390000000000000000e+02
3.350000000000000000e+02
2.030000000000000000e+02
