7.381454181671142578e+01
2.774651107788085938e+02
2.913778953552246094e+02
7.772986984252929688e+01
3.498036613464355469e+02
5.297345428466796875e+02
4.465484619140625000e+00
2.299346847534179688e+02
1.088686599731445312e+02
4.088942184448242188e+02
7.590131378173828125e+01
3.871895523071289062e+02
2.587700500488281250e+02
4.359010314941406250e+01
5.777501220703125000e+02
1.601502990722656250e+01
4.166160888671875000e+02
9.132608947753906250e+02
4.649096374511718750e+02
5.814617156982421875e+02
5.721710357666015625e+02
1.489593963623046875e+02
1.157775573730468750e+02
1.264114624023437500e+03
5.968466186523437500e+01
3.102434082031250000e+02
3.643662414550781250e+02
6.515837707519531250e+02
2.208326721191406250e+02
7.918967895507812500e+02
1.883857421875000000e+02
3.751316528320312500e+02
1.362141113281250000e+02
1.511746520996093750e+02
1.094846191406250000e+02
6.416247253417968750e+02
2.194666137695312500e+02
1.399714965820312500e+02
2.996224975585937500e+02
1.062826690673828125e+03
3.767212524414062500e+02
6.932915344238281250e+02
8.548034667968750000e+01
4.703497619628906250e+02
1.954162597656250000e+02
6.713352661132812500e+02
2.386840820312500000e+00
1.018439941406250000e+02
2.298422241210937500e+02
1.587988891601562500e+02
5.635457153320312500e+02
5.606811523437500000e+00
1.550822143554687500e+02
5.707128906250000000e+01
2.789509277343750000e+02
7.350945434570312500e+02
3.533251953125000000e+02
2.400695800781250000e+00
2.667809448242187500e+02
3.065285034179687500e+02
3.432691650390625000e+02
2.876491088867187500e+02
1.003255004882812500e+02
3.873818359375000000e+02
4.033134765625000000e+02
1.393159179687500000e+03
2.007434082031250000e+01
1.396476440429687500e+02
4.789555053710937500e+02
8.356281127929687500e+02
5.013372802734375000e+01
