6.000000000000000000e+00
2.140000000000000000e+02
6.250000000000000000e+02
2.800000000000000000e+01
3.380000000000000000e+02
2.400000000000000000e+02
4.000000000000000000e+00
7.230000000000000000e+02
4.420000000000000000e+02
1.200000000000000000e+01
2.120000000000000000e+02
4.440000000000000000e+02
4.000000000000000000e+00
2.470000000000000000e+02
4.670000000000000000e+02
7.900000000000000000e+01
1.306000000000000000e+03
4.000000000000000000e+00
3.480000000000000000e+02
1.920000000000000000e+02
8.700000000000000000e+01
4.000000000000000000e+00
4.000000000000000000e+00
4.400000000000000000e+01
8.610000000000000000e+02
2.680000000000000000e+02
6.900000000000000000e+01
3.990000000000000000e+02
4.420000000000000000e+02
3.230000000000000000e+02
4.820000000000000000e+02
4.000000000000000000e+00
1.039000000000000000e+03
6.570000000000000000e+02
7.300000000000000000e+01
6.870000000000000000e+02
9.930000000000000000e+02
5.700000000000000000e+02
4.740000000000000000e+02
4.430000000000000000e+02
4.100000000000000000e+02
1.640000000000000000e+02
7.860000000000000000e+02
2.660000000000000000e+02
2.150000000000000000e+02
3.200000000000000000e+02
8.500000000000000000e+01
2.310000000000000000e+02
5.170000000000000000e+02
2.000000000000000000e+01
6.000000000000000000e+01
9.580000000000000000e+02
1.060000000000000000e+02
3.170000000000000000e+02
3.800000000000000000e+01
5.060000000000000000e+02
1.620000000000000000e+02
2.360000000000000000e+02
4.280000000000000000e+02
2.620000000000000000e+02
5.440000000000000000e+02
3.300000000000000000e+02
5.180000000000000000e+02
3.000000000000000000e+01
7.480000000000000000e+02
6.800000000000000000e+01
3.800000000000000000e+01
2.050000000000000000e+02
3.260000000000000000e+02
1.400000000000000000e+01
1.463000000000000000e+03
2.900000000000000000e+01
3.720000000000000000e+02
4.700000000000000000e+01
5.680000000000000000e+02
4.600000000000000000e+01
8.000000000000000000e+00
1.820000000000000000e+02
6.550000000000000000e+02
3.500000000000000000e+01
3.160000000000000000e+02
2.920000000000000000e+02
8.280000000000000000e+02
5.500000000000000000e+02
5.800000000000000000e+01
3.820000000000000000e+02
1.250000000000000000e+02
3.530000000000000000e+02
3.360000000000000000e+02
5.300000000000000000e+01
8.290000000000000000e+02
4.400000000000000000e+01
2.630000000000000000e+02
1.095000000000000000e+03
6.500000000000000000e+01
4.230000000000000000e+02
2.800000000000000000e+02
5.930000000000000000e+02
3.500000000000000000e+02
4.000000000000000000e+00
1.230000000000000000e+02
4.210000000000000000e+02
1.140000000000000000e+02
7.400000000000000000e+01
4.020000000000000000e+02
1.600000000000000000e+01
6.900000000000000000e+01
4.090000000000000000e+02
7.000000000000000000e+00
7.780000000000000000e+02
9.200000000000000000e+01
3.760000000000000000e+02
1.060000000000000000e+02
2.500000000000000000e+02
4.460000000000000000e+02
5.610000000000000000e+02
1.520000000000000000e+02
4.600000000000000000e+01
5.140000000000000000e+02
8.300000000000000000e+01
6.410000000000000000e+02
1.810000000000000000e+02
7.000000000000000000e+01
2.110000000000000000e+02
5.230000000000000000e+02
9.250000000000000000e+02
4.540000000000000000e+02
1.320000000000000000e+02
2.490000000000000000e+02
4.780000000000000000e+02
1.650000000000000000e+02
6.360000000000000000e+02
1.690000000000000000e+02
3.560000000000000000e+02
1.170000000000000000e+02
3.890000000000000000e+02
8.600000000000000000e+01
5.890000000000000000e+02
1.430000000000000000e+02
4.420000000000000000e+02
5.700000000000000000e+01
4.800000000000000000e+01
9.100000000000000000e+01
4.290000000000000000e+02
6.600000000000000000e+02
4.620000000000000000e+02
4.000000000000000000e+00
5.000000000000000000e+01
8.600000000000000000e+01
2.350000000000000000e+02
4.440000000000000000e+02
3.740000000000000000e+02
5.540000000000000000e+02
3.300000000000000000e+02
3.560000000000000000e+02
1.390000000000000000e+02
2.880000000000000000e+02
1.000000000000000000e+01
1.800000000000000000e+02
8.180000000000000000e+02
1.100000000000000000e+01
3.780000000000000000e+02
3.460000000000000000e+02
5.400000000000000000e+01
1.170000000000000000e+02
8.000000000000000000e+00
4.000000000000000000e+00
9.240000000000000000e+02
6.080000000000000000e+02
8.900000000000000000e+01
4.540000000000000000e+02
2.090000000000000000e+02
7.400000000000000000e+01
3.330000000000000000e+02
4.490000000000000000e+02
1.150000000000000000e+02
8.300000000000000000e+01
7.960000000000000000e+02
3.230000000000000000e+02
6.200000000000000000e+01
1.460000000000000000e+02
8.310000000000000000e+02
2.570000000000000000e+02
2.800000000000000000e+02
6.100000000000000000e+02
3.400000000000000000e+02
9.000000000000000000e+01
4.930000000000000000e+02
3.420000000000000000e+02
2.300000000000000000e+02
2.970000000000000000e+02
1.870000000000000000e+02
5.330000000000000000e+02
4.000000000000000000e+00
4.000000000000000000e+00
2.410000000000000000e+02
2.110000000000000000e+02
3.670000000000000000e+02
6.310000000000000000e+02
2.450000000000000000e+02
1.870000000000000000e+02
6.700000000000000000e+02
4.570000000000000000e+02
1.770000000000000000e+02
5.580000000000000000e+02
1.510000000000000000e+02
2.520000000000000000e+02
1.970000000000000000e+02
3.290000000000000000e+02
2.650000000000000000e+02
3.680000000000000000e+02
5.840000000000000000e+02
1.344000000000000000e+03
3.890000000000000000e+02
4.780000000000000000e+02
9.200000000000000000e+01
9.230000000000000000e+02
1.000000000000000000e+02
7.000000000000000000e+00
1.740000000000000000e+02
1.260000000000000000e+02
2.850000000000000000e+02
1.480000000000000000e+02
4.000000000000000000e+00
7.660000000000000000e+02
1.300000000000000000e+02
3.810000000000000000e+02
2.280000000000000000e+02
7.210000000000000000e+02
6.300000000000000000e+01
1.050000000000000000e+02
4.900000000000000000e+01
6.800000000000000000e+01
9.510000000000000000e+02
1.630000000000000000e+02
5.030000000000000000e+02
6.300000000000000000e+02
9.850000000000000000e+02
2.370000000000000000e+02
1.520000000000000000e+02
1.190000000000000000e+02
3.090000000000000000e+02
8.300000000000000000e+01
4.000000000000000000e+00
9.150000000000000000e+02
1.342000000000000000e+03
7.340000000000000000e+02
1.110000000000000000e+02
3.900000000000000000e+01
4.360000000000000000e+02
1.850000000000000000e+02
1.260000000000000000e+02
9.300000000000000000e+01
6.280000000000000000e+02
3.520000000000000000e+02
7.900000000000000000e+01
5.970000000000000000e+02
4.100000000000000000e+02
4.830000000000000000e+02
2.200000000000000000e+01
9.800000000000000000e+01
2.220000000000000000e+02
3.590000000000000000e+02
9.610000000000000000e+02
3.460000000000000000e+02
3.110000000000000000e+02
9.700000000000000000e+01
6.800000000000000000e+01
5.400000000000000000e+01
1.130000000000000000e+02
3.340000000000000000e+02
6.300000000000000000e+01
3.360000000000000000e+02
1.160000000000000000e+02
6.850000000000000000e+02
4.510000000000000000e+02
1.600000000000000000e+01
1.490000000000000000e+02
1.414000000000000000e+03
2.800000000000000000e+02
2.110000000000000000e+02
4.760000000000000000e+02
1.970000000000000000e+02
5.380000000000000000e+02
9.430000000000000000e+02
3.140000000000000000e+02
1.013000000000000000e+03
2.100000000000000000e+01
1.300000000000000000e+01
2.380000000000000000e+02
7.000000000000000000e+00
5.200000000000000000e+01
2.540000000000000000e+02
5.590000000000000000e+02
5.400000000000000000e+02
9.710000000000000000e+02
1.133000000000000000e+03
5.630000000000000000e+02
6.250000000000000000e+02
3.370000000000000000e+02
1.070000000000000000e+02
4.000000000000000000e+00
2.940000000000000000e+02
4.250000000000000000e+02
3.740000000000000000e+02
4.580000000000000000e+02
8.000000000000000000e+01
7.600000000000000000e+01
4.300000000000000000e+01
2.760000000000000000e+02
2.150000000000000000e+02
4.900000000000000000e+01
1.700000000000000000e+01
7.130000000000000000e+02
9.340000000000000000e+02
2.150000000000000000e+02
7.600000000000000000e+01
7.080000000000000000e+02
2.710000000000000000e+02
1.050000000000000000e+02
5.970000000000000000e+02
4.000000000000000000e+00
6.120000000000000000e+02
5.700000000000000000e+01
1.330000000000000000e+02
5.240000000000000000e+02
1.490000000000000000e+02
2.870000000000000000e+02
2.790000000000000000e+02
4.500000000000000000e+02
9.170000000000000000e+02
2.880000000000000000e+02
1.150000000000000000e+02
3.790000000000000000e+02
8.000000000000000000e+00
4.380000000000000000e+02
2.980000000000000000e+02
5.840000000000000000e+02
5.400000000000000000e+01
4.090000000000000000e+02
3.300000000000000000e+01
3.140000000000000000e+02
7.710000000000000000e+02
1.410000000000000000e+02
3.100000000000000000e+01
5.190000000000000000e+02
4.510000000000000000e+02
4.200000000000000000e+01
4.000000000000000000e+00
4.000000000000000000e+00
1.100000000000000000e+01
4.000000000000000000e+00
4.800000000000000000e+01
4.100000000000000000e+01
1.010000000000000000e+02
1.510000000000000000e+02
5.160000000000000000e+02
2.600000000000000000e+01
4.400000000000000000e+01
6.050000000000000000e+02
4.100000000000000000e+02
5.000000000000000000e+01
2.490000000000000000e+02
1.180000000000000000e+02
1.200000000000000000e+01
4.000000000000000000e+00
5.170000000000000000e+02
2.170000000000000000e+02
6.910000000000000000e+02
5.820000000000000000e+02
1.070000000000000000e+02
7.500000000000000000e+01
4.530000000000000000e+02
3.400000000000000000e+01
1.000000000000000000e+02
2.110000000000000000e+02
8.700000000000000000e+01
5.300000000000000000e+01
5.140000000000000000e+02
3.240000000000000000e+02
2.260000000000000000e+02
2.650000000000000000e+02
3.800000000000000000e+02
6.720000000000000000e+02
1.220000000000000000e+02
1.400000000000000000e+02
1.580000000000000000e+02
1.620000000000000000e+02
1.340000000000000000e+02
1.750000000000000000e+02
1.410000000000000000e+02
4.950000000000000000e+02
1.130000000000000000e+02
4.000000000000000000e+00
4.590000000000000000e+02
4.200000000000000000e+02
1.050000000000000000e+02
3.550000000000000000e+02
