1.300000000000000000e+01
2.400000000000000000e+01
5.900000000000000000e+01
2.570000000000000000e+02
1.730000000000000000e+02
1.640000000000000000e+02
9.980000000000000000e+02
5.200000000000000000e+01
1.050000000000000000e+02
1.300000000000000000e+03
6.000000000000000000e+00
7.800000000000000000e+01
7.370000000000000000e+02
1.097000000000000000e+03
1.100000000000000000e+02
1.175000000000000000e+03
2.420000000000000000e+02
2.960000000000000000e+02
2.950000000000000000e+02
4.310000000000000000e+02
6.800000000000000000e+01
7.100000000000000000e+01
4.000000000000000000e+00
9.430000000000000000e+02
6.610000000000000000e+02
2.020000000000000000e+02
5.800000000000000000e+01
3.170000000000000000e+02
3.060000000000000000e+02
