3.310000000000000000e+02
1.150000000000000000e+02
2.480000000000000000e+02
6.390000000000000000e+02
2.150000000000000000e+02
1.370000000000000000e+02
1.020000000000000000e+02
5.760000000000000000e+02
7.000000000000000000e+00
1.460000000000000000e+02
1.400000000000000000e+01
1.146000000000000000e+03
4.900000000000000000e+01
1.980000000000000000e+02
2.700000000000000000e+02
1.021000000000000000e+03
1.540000000000000000e+02
1.870000000000000000e+02
7.550000000000000000e+02
1.150000000000000000e+02
2.710000000000000000e+02
9.500000000000000000e+01
5.620000000000000000e+02
2.850000000000000000e+02
1.270000000000000000e+03
6.300000000000000000e+01
1.340000000000000000e+02
1.500000000000000000e+02
5.750000000000000000e+02
3.500000000000000000e+02
3.000000000000000000e+01
7.000000000000000000e+01
1.482000000000000000e+03
1.061000000000000000e+03
2.200000000000000000e+01
1.530000000000000000e+02
7.970000000000000000e+02
5.760000000000000000e+02
2.590000000000000000e+02
8.600000000000000000e+01
1.200000000000000000e+01
3.300000000000000000e+01
7.640000000000000000e+02
2.720000000000000000e+02
8.650000000000000000e+02
4.000000000000000000e+01
1.560000000000000000e+02
1.105000000000000000e+03
2.600000000000000000e+01
1.320000000000000000e+02
5.920000000000000000e+02
1.081000000000000000e+03
1.018000000000000000e+03
5.000000000000000000e+01
1.038000000000000000e+03
1.620000000000000000e+02
3.000000000000000000e+00
3.270000000000000000e+02
1.710000000000000000e+02
4.130000000000000000e+02
2.220000000000000000e+02
3.000000000000000000e+00
2.250000000000000000e+02
8.870000000000000000e+02
2.380000000000000000e+02
1.480000000000000000e+02
2.000000000000000000e+01
6.800000000000000000e+01
2.100000000000000000e+02
6.320000000000000000e+02
8.840000000000000000e+02
2.130000000000000000e+02
3.030000000000000000e+02
1.950000000000000000e+02
1.483000000000000000e+03
2.850000000000000000e+02
6.300000000000000000e+02
4.070000000000000000e+02
2.260000000000000000e+02
2.160000000000000000e+02
2.030000000000000000e+02
2.170000000000000000e+02
9.100000000000000000e+01
3.000000000000000000e+00
3.690000000000000000e+02
2.280000000000000000e+02
2.390000000000000000e+02
2.780000000000000000e+02
2.660000000000000000e+02
1.115000000000000000e+03
3.300000000000000000e+02
6.450000000000000000e+02
1.650000000000000000e+02
1.440000000000000000e+02
3.370000000000000000e+02
2.040000000000000000e+02
4.200000000000000000e+01
3.210000000000000000e+02
4.140000000000000000e+02
3.930000000000000000e+02
2.270000000000000000e+02
1.900000000000000000e+01
1.610000000000000000e+02
3.870000000000000000e+02
1.180000000000000000e+02
4.530000000000000000e+02
7.490000000000000000e+02
3.740000000000000000e+02
1.830000000000000000e+02
4.530000000000000000e+02
1.100000000000000000e+02
7.600000000000000000e+01
3.290000000000000000e+02
5.700000000000000000e+01
7.180000000000000000e+02
1.190000000000000000e+02
2.410000000000000000e+02
6.800000000000000000e+01
8.470000000000000000e+02
1.950000000000000000e+02
7.400000000000000000e+02
1.900000000000000000e+01
5.600000000000000000e+02
4.760000000000000000e+02
4.180000000000000000e+02
3.010000000000000000e+02
5.670000000000000000e+02
5.860000000000000000e+02
8.100000000000000000e+01
1.360000000000000000e+02
7.590000000000000000e+02
3.100000000000000000e+02
1.033000000000000000e+03
5.300000000000000000e+02
2.280000000000000000e+02
8.600000000000000000e+01
8.310000000000000000e+02
3.000000000000000000e+00
1.190000000000000000e+03
3.560000000000000000e+02
5.600000000000000000e+01
2.720000000000000000e+02
7.020000000000000000e+02
3.190000000000000000e+02
1.019000000000000000e+03
2.460000000000000000e+02
9.310000000000000000e+02
1.500000000000000000e+02
3.000000000000000000e+00
2.230000000000000000e+02
3.000000000000000000e+00
1.370000000000000000e+02
5.130000000000000000e+02
6.300000000000000000e+01
8.300000000000000000e+02
4.380000000000000000e+02
2.420000000000000000e+02
4.150000000000000000e+02
3.040000000000000000e+02
1.190000000000000000e+02
6.740000000000000000e+02
1.300000000000000000e+02
3.290000000000000000e+02
1.070000000000000000e+02
9.100000000000000000e+01
2.610000000000000000e+02
8.200000000000000000e+01
3.030000000000000000e+02
8.100000000000000000e+02
1.180000000000000000e+02
6.260000000000000000e+02
3.600000000000000000e+02
3.530000000000000000e+02
1.700000000000000000e+01
3.730000000000000000e+02
9.130000000000000000e+02
3.140000000000000000e+02
1.400000000000000000e+02
1.820000000000000000e+02
2.240000000000000000e+02
4.900000000000000000e+02
5.200000000000000000e+01
5.770000000000000000e+02
3.000000000000000000e+00
9.200000000000000000e+01
2.440000000000000000e+02
3.100000000000000000e+02
8.400000000000000000e+01
2.000000000000000000e+02
1.173000000000000000e+03
1.590000000000000000e+02
1.790000000000000000e+02
6.110000000000000000e+02
1.070000000000000000e+02
6.410000000000000000e+02
1.090000000000000000e+02
1.400000000000000000e+02
1.690000000000000000e+02
4.150000000000000000e+02
9.500000000000000000e+01
3.030000000000000000e+02
4.680000000000000000e+02
1.990000000000000000e+02
1.140000000000000000e+02
6.510000000000000000e+02
9.100000000000000000e+01
1.600000000000000000e+02
6.250000000000000000e+02
5.770000000000000000e+02
8.300000000000000000e+01
2.810000000000000000e+02
6.630000000000000000e+02
5.910000000000000000e+02
4.440000000000000000e+02
3.930000000000000000e+02
7.650000000000000000e+02
6.070000000000000000e+02
5.960000000000000000e+02
9.400000000000000000e+01
6.200000000000000000e+01
1.870000000000000000e+02
1.190000000000000000e+02
8.600000000000000000e+01
2.600000000000000000e+01
8.300000000000000000e+02
2.100000000000000000e+01
2.790000000000000000e+02
2.060000000000000000e+02
2.500000000000000000e+01
