1.900000000000000000e+01
7.610000000000000000e+02
2.060000000000000000e+02
9.900000000000000000e+01
9.540000000000000000e+02
2.110000000000000000e+02
8.400000000000000000e+01
2.010000000000000000e+02
2.100000000000000000e+02
1.410000000000000000e+02
1.830000000000000000e+02
1.249000000000000000e+03
1.640000000000000000e+02
2.310000000000000000e+02
4.310000000000000000e+02
1.130000000000000000e+02
4.660000000000000000e+02
4.400000000000000000e+01
3.470000000000000000e+02
1.230000000000000000e+02
1.930000000000000000e+02
1.960000000000000000e+02
3.770000000000000000e+02
1.980000000000000000e+02
