8.070000000000000000e+02
3.280000000000000000e+02
3.090000000000000000e+02
2.830000000000000000e+02
3.550000000000000000e+02
8.770000000000000000e+02
5.640000000000000000e+02
1.251000000000000000e+03
3.900000000000000000e+01
4.390000000000000000e+02
2.050000000000000000e+02
7.600000000000000000e+01
1.301000000000000000e+03
4.600000000000000000e+01
1.070000000000000000e+02
2.200000000000000000e+02
9.360000000000000000e+02
2.510000000000000000e+02
1.171000000000000000e+03
1.080000000000000000e+02
1.050000000000000000e+02
2.530000000000000000e+02
6.720000000000000000e+02
2.150000000000000000e+02
3.200000000000000000e+01
1.418000000000000000e+03
1.800000000000000000e+01
4.000000000000000000e+00
9.300000000000000000e+01
9.170000000000000000e+02
2.340000000000000000e+02
2.550000000000000000e+02
1.080000000000000000e+02
