1.620000000000000000e+02
7.300000000000000000e+02
2.790000000000000000e+02
5.090000000000000000e+02
4.860000000000000000e+02
2.720000000000000000e+02
3.850000000000000000e+02
3.700000000000000000e+01
2.370000000000000000e+02
8.400000000000000000e+01
3.940000000000000000e+02
1.008000000000000000e+03
1.620000000000000000e+02
5.500000000000000000e+02
1.730000000000000000e+02
3.990000000000000000e+02
7.870000000000000000e+02
1.570000000000000000e+02
6.870000000000000000e+02
8.540000000000000000e+02
2.800000000000000000e+01
9.230000000000000000e+02
1.580000000000000000e+02
1.290000000000000000e+02
4.090000000000000000e+02
2.180000000000000000e+02
1.020000000000000000e+02
5.560000000000000000e+02
8.400000000000000000e+01
1.500000000000000000e+02
3.640000000000000000e+02
5.400000000000000000e+01
2.080000000000000000e+02
5.660000000000000000e+02
3.410000000000000000e+02
1.000000000000000000e+02
5.900000000000000000e+02
