1.360000000000000000e+02
9.120000000000000000e+02
1.070000000000000000e+02
2.430000000000000000e+02
1.710000000000000000e+02
2.040000000000000000e+02
1.420000000000000000e+02
3.080000000000000000e+02
9.380000000000000000e+02
2.050000000000000000e+02
7.690000000000000000e+02
2.870000000000000000e+02
6.840000000000000000e+02
4.400000000000000000e+01
9.400000000000000000e+01
3.110000000000000000e+02
6.930000000000000000e+02
2.670000000000000000e+02
5.370000000000000000e+02
3.820000000000000000e+02
4.650000000000000000e+02
7.740000000000000000e+02
1.460000000000000000e+02
4.090000000000000000e+02
7.780000000000000000e+02
8.110000000000000000e+02
6.000000000000000000e+01
4.700000000000000000e+01
