1.260000000000000000e+02
3.350000000000000000e+02
5.800000000000000000e+01
3.110000000000000000e+02
1.540000000000000000e+02
5.280000000000000000e+02
9.850000000000000000e+02
1.386000000000000000e+03
2.520000000000000000e+02
2.530000000000000000e+02
8.100000000000000000e+01
5.010000000000000000e+02
2.170000000000000000e+02
9.630000000000000000e+02
7.190000000000000000e+02
4.350000000000000000e+02
8.900000000000000000e+01
3.670000000000000000e+02
1.110000000000000000e+02
1.590000000000000000e+02
4.840000000000000000e+02
8.200000000000000000e+01
2.270000000000000000e+02
1.210000000000000000e+02
4.580000000000000000e+02
4.770000000000000000e+02
2.590000000000000000e+02
1.870000000000000000e+02
7.100000000000000000e+01
