4.050000000000000000e+02
8.920000000000000000e+02
1.021000000000000000e+03
7.670000000000000000e+02
1.340000000000000000e+02
6.370000000000000000e+02
7.800000000000000000e+01
1.720000000000000000e+02
5.530000000000000000e+02
3.930000000000000000e+02
2.290000000000000000e+02
2.360000000000000000e+02
8.800000000000000000e+01
1.424000000000000000e+03
7.050000000000000000e+02
5.400000000000000000e+01
1.310000000000000000e+02
3.060000000000000000e+02
1.790000000000000000e+02
1.064000000000000000e+03
1.600000000000000000e+02
2.710000000000000000e+02
1.510000000000000000e+02
