4.890000000000000000e+02
4.420000000000000000e+02
2.890000000000000000e+02
1.500000000000000000e+01
3.310000000000000000e+02
3.580000000000000000e+02
3.190000000000000000e+02
1.990000000000000000e+02
1.900000000000000000e+02
7.890000000000000000e+02
4.720000000000000000e+02
3.420000000000000000e+02
9.000000000000000000e+01
8.800000000000000000e+02
9.100000000000000000e+01
3.330000000000000000e+02
1.076000000000000000e+03
2.440000000000000000e+02
1.920000000000000000e+02
1.920000000000000000e+02
4.800000000000000000e+01
5.420000000000000000e+02
5.600000000000000000e+01
3.500000000000000000e+01
6.890000000000000000e+02
1.920000000000000000e+02
3.870000000000000000e+02
