1.413000000000000000e+03
2.480000000000000000e+02
1.510000000000000000e+02
8.200000000000000000e+01
6.330000000000000000e+02
5.900000000000000000e+01
1.390000000000000000e+02
2.800000000000000000e+02
4.970000000000000000e+02
5.000000000000000000e+01
5.980000000000000000e+02
1.410000000000000000e+02
6.500000000000000000e+01
2.860000000000000000e+02
1.470000000000000000e+02
1.050000000000000000e+02
1.260000000000000000e+02
1.810000000000000000e+02
2.510000000000000000e+02
5.220000000000000000e+02
5.220000000000000000e+02
3.100000000000000000e+01
6.100000000000000000e+01
1.890000000000000000e+02
7.500000000000000000e+01
1.300000000000000000e+01
4.100000000000000000e+02
4.970000000000000000e+02
6.780000000000000000e+02
1.070000000000000000e+02
8.000000000000000000e+01
9.030000000000000000e+02
2.500000000000000000e+02
6.000000000000000000e+00
3.000000000000000000e+00
6.910000000000000000e+02
4.010000000000000000e+02
8.300000000000000000e+01
5.300000000000000000e+01
8.060000000000000000e+02
8.940000000000000000e+02
6.770000000000000000e+02
2.520000000000000000e+02
7.640000000000000000e+02
1.270000000000000000e+02
3.540000000000000000e+02
3.000000000000000000e+00
1.500000000000000000e+01
2.600000000000000000e+02
3.000000000000000000e+00
2.060000000000000000e+02
3.050000000000000000e+02
5.300000000000000000e+02
9.200000000000000000e+01
4.730000000000000000e+02
8.390000000000000000e+02
3.690000000000000000e+02
3.700000000000000000e+01
2.070000000000000000e+02
4.180000000000000000e+02
1.210000000000000000e+02
6.310000000000000000e+02
3.410000000000000000e+02
6.100000000000000000e+01
1.156000000000000000e+03
1.480000000000000000e+02
2.110000000000000000e+02
3.790000000000000000e+02
6.030000000000000000e+02
8.400000000000000000e+01
3.230000000000000000e+02
2.240000000000000000e+02
2.500000000000000000e+01
2.200000000000000000e+01
2.400000000000000000e+01
5.210000000000000000e+02
1.860000000000000000e+02
2.390000000000000000e+02
3.000000000000000000e+00
1.292000000000000000e+03
5.400000000000000000e+01
4.600000000000000000e+01
3.000000000000000000e+01
9.500000000000000000e+01
