2.500000000000000000e+02
8.940000000000000000e+02
1.110000000000000000e+02
3.000000000000000000e+00
6.220000000000000000e+02
6.300000000000000000e+01
3.480000000000000000e+02
4.340000000000000000e+02
1.150000000000000000e+02
7.600000000000000000e+01
1.780000000000000000e+02
4.180000000000000000e+02
8.100000000000000000e+01
6.750000000000000000e+02
3.710000000000000000e+02
9.500000000000000000e+01
5.900000000000000000e+01
9.100000000000000000e+01
6.660000000000000000e+02
9.700000000000000000e+01
9.380000000000000000e+02
2.090000000000000000e+02
6.200000000000000000e+01
1.600000000000000000e+02
3.650000000000000000e+02
1.000000000000000000e+01
5.600000000000000000e+01
1.360000000000000000e+02
9.890000000000000000e+02
2.620000000000000000e+02
8.810000000000000000e+02
1.990000000000000000e+02
1.030000000000000000e+02
3.400000000000000000e+02
2.060000000000000000e+02
3.020000000000000000e+02
3.840000000000000000e+02
2.520000000000000000e+02
4.910000000000000000e+02
7.260000000000000000e+02
1.397000000000000000e+03
3.860000000000000000e+02
2.510000000000000000e+02
4.000000000000000000e+00
1.800000000000000000e+02
1.100000000000000000e+01
4.760000000000000000e+02
6.450000000000000000e+02
9.630000000000000000e+02
6.970000000000000000e+02
2.180000000000000000e+02
1.470000000000000000e+02
6.830000000000000000e+02
6.770000000000000000e+02
2.520000000000000000e+02
5.870000000000000000e+02
2.550000000000000000e+02
2.000000000000000000e+02
1.970000000000000000e+02
1.214000000000000000e+03
