2.750000000000000000e+02
7.960000000000000000e+02
3.400000000000000000e+01
5.040000000000000000e+02
6.190000000000000000e+02
5.880000000000000000e+02
1.710000000000000000e+02
6.500000000000000000e+01
5.870000000000000000e+02
1.870000000000000000e+02
6.260000000000000000e+02
4.870000000000000000e+02
4.100000000000000000e+01
5.820000000000000000e+02
7.640000000000000000e+02
3.720000000000000000e+02
3.610000000000000000e+02
2.580000000000000000e+02
6.500000000000000000e+01
3.140000000000000000e+02
2.180000000000000000e+02
2.190000000000000000e+02
3.600000000000000000e+02
6.190000000000000000e+02
3.020000000000000000e+02
3.520000000000000000e+02
1.151000000000000000e+03
1.050000000000000000e+02
8.400000000000000000e+01
1.520000000000000000e+02
3.650000000000000000e+02
1.475000000000000000e+03
7.100000000000000000e+01
4.900000000000000000e+01
8.340000000000000000e+02
3.780000000000000000e+02
