1.530000000000000000e+02
3.690000000000000000e+02
2.130000000000000000e+02
6.140000000000000000e+02
1.780000000000000000e+02
6.840000000000000000e+02
2.220000000000000000e+02
7.300000000000000000e+01
6.800000000000000000e+01
1.130000000000000000e+02
1.320000000000000000e+02
6.650000000000000000e+02
6.440000000000000000e+02
4.170000000000000000e+02
3.750000000000000000e+02
7.620000000000000000e+02
4.890000000000000000e+02
1.640000000000000000e+02
2.640000000000000000e+02
3.550000000000000000e+02
7.120000000000000000e+02
2.380000000000000000e+02
1.530000000000000000e+02
5.050000000000000000e+02
1.307000000000000000e+03
7.600000000000000000e+01
1.810000000000000000e+02
1.120000000000000000e+02
1.930000000000000000e+02
2.820000000000000000e+02
