7.800000000000000000e+01
3.050000000000000000e+02
1.560000000000000000e+02
1.040000000000000000e+02
2.020000000000000000e+02
5.280000000000000000e+02
2.540000000000000000e+02
7.400000000000000000e+01
1.200000000000000000e+02
9.700000000000000000e+02
5.910000000000000000e+02
1.340000000000000000e+02
6.410000000000000000e+02
4.400000000000000000e+01
2.060000000000000000e+02
3.160000000000000000e+02
9.490000000000000000e+02
2.030000000000000000e+02
2.180000000000000000e+02
4.900000000000000000e+01
1.080000000000000000e+02
1.350000000000000000e+02
7.200000000000000000e+01
6.970000000000000000e+02
2.560000000000000000e+02
