1.120000000000000000e+02
4.080000000000000000e+02
4.800000000000000000e+01
3.610000000000000000e+02
1.500000000000000000e+01
1.670000000000000000e+02
1.370000000000000000e+02
4.700000000000000000e+01
5.400000000000000000e+01
4.260000000000000000e+02
1.290000000000000000e+02
1.920000000000000000e+02
3.090000000000000000e+02
7.440000000000000000e+02
2.960000000000000000e+02
6.800000000000000000e+01
6.640000000000000000e+02
1.300000000000000000e+02
9.700000000000000000e+01
3.910000000000000000e+02
6.600000000000000000e+02
4.600000000000000000e+01
1.540000000000000000e+02
6.400000000000000000e+01
8.300000000000000000e+01
4.890000000000000000e+02
1.340000000000000000e+02
5.570000000000000000e+02
1.067000000000000000e+03
