3.675000000000000000e+03
8.937500000000000000e+02
3.731250000000000000e+03
9.375000000000000000e+02
1.768750000000000000e+03
2.687500000000000000e+02
1.025000000000000000e+03
1.312500000000000000e+02
2.206250000000000000e+03
1.531250000000000000e+03
5.675000000000000000e+03
1.143750000000000000e+03
1.168750000000000000e+03
1.956250000000000000e+03
4.887500000000000000e+03
4.412500000000000000e+03
4.893750000000000000e+03
2.937500000000000000e+03
3.400000000000000000e+03
3.312500000000000000e+03
7.700000000000000000e+03
1.193750000000000000e+03
1.156250000000000000e+03
1.406250000000000000e+03
3.125000000000000000e+03
2.500000000000000000e+01
1.793750000000000000e+03
4.625000000000000000e+02
2.668750000000000000e+03
2.512500000000000000e+03
4.650000000000000000e+03
2.987500000000000000e+03
1.093750000000000000e+03
7.312500000000000000e+02
2.500000000000000000e+01
8.250000000000000000e+02
2.443750000000000000e+03
6.562500000000000000e+02
3.650000000000000000e+03
2.200000000000000000e+03
3.750000000000000000e+01
1.143750000000000000e+03
1.187500000000000000e+03
9.875000000000000000e+02
7.812500000000000000e+02
2.500000000000000000e+01
2.450000000000000000e+03
1.506250000000000000e+03
5.375000000000000000e+02
1.756250000000000000e+03
1.312500000000000000e+02
2.431250000000000000e+03
1.150000000000000000e+03
3.418750000000000000e+03
2.468750000000000000e+03
5.687500000000000000e+02
3.250000000000000000e+02
5.062500000000000000e+02
2.237500000000000000e+03
6.237500000000000000e+03
1.100000000000000000e+03
2.087500000000000000e+03
2.250000000000000000e+03
1.537500000000000000e+03
5.875000000000000000e+02
4.337500000000000000e+03
3.250000000000000000e+02
6.125000000000000000e+02
1.581250000000000000e+03
1.843750000000000000e+03
2.062500000000000000e+02
7.856250000000000000e+03
7.125000000000000000e+02
2.250000000000000000e+03
2.531250000000000000e+03
3.637500000000000000e+03
7.625000000000000000e+02
3.637500000000000000e+03
1.881250000000000000e+03
5.468750000000000000e+03
3.937500000000000000e+03
5.250000000000000000e+02
4.375000000000000000e+02
3.437500000000000000e+03
1.812500000000000000e+03
2.281250000000000000e+03
1.968750000000000000e+03
3.687500000000000000e+03
1.468750000000000000e+03
3.131250000000000000e+03
1.056250000000000000e+03
2.431250000000000000e+03
8.187500000000000000e+02
2.562500000000000000e+02
8.437500000000000000e+02
7.687500000000000000e+02
1.268750000000000000e+03
1.443750000000000000e+03
5.168750000000000000e+03
3.993750000000000000e+03
1.000000000000000000e+03
2.500000000000000000e+02
2.962500000000000000e+03
2.500000000000000000e+01
3.875000000000000000e+02
1.025000000000000000e+03
2.268750000000000000e+03
1.268750000000000000e+03
3.500000000000000000e+02
2.006250000000000000e+03
4.725000000000000000e+03
1.193750000000000000e+03
6.437500000000000000e+02
4.300000000000000000e+03
2.568750000000000000e+03
6.531250000000000000e+03
5.737500000000000000e+03
3.187500000000000000e+02
3.400000000000000000e+03
8.750000000000000000e+02
5.875000000000000000e+02
8.000000000000000000e+02
3.750000000000000000e+03
8.687500000000000000e+02
1.637500000000000000e+03
8.562500000000000000e+02
1.018750000000000000e+03
2.550000000000000000e+03
1.975000000000000000e+03
3.456250000000000000e+03
2.356250000000000000e+03
6.318750000000000000e+03
2.500000000000000000e+01
1.387500000000000000e+03
1.375000000000000000e+02
2.156250000000000000e+03
8.125000000000000000e+01
4.268750000000000000e+03
2.656250000000000000e+03
9.156250000000000000e+03
5.500000000000000000e+02
3.000000000000000000e+02
2.875000000000000000e+02
5.537500000000000000e+03
3.250000000000000000e+02
3.756250000000000000e+03
1.481250000000000000e+03
5.337500000000000000e+03
1.381250000000000000e+03
6.412500000000000000e+03
9.312500000000000000e+02
2.143750000000000000e+03
5.000000000000000000e+02
2.881250000000000000e+03
1.100000000000000000e+03
3.068750000000000000e+03
5.856250000000000000e+03
9.750000000000000000e+02
1.300000000000000000e+03
4.500000000000000000e+02
8.125000000000000000e+01
4.175000000000000000e+03
3.193750000000000000e+03
2.193750000000000000e+03
2.831250000000000000e+03
2.881250000000000000e+03
1.812500000000000000e+02
2.500000000000000000e+01
5.312500000000000000e+02
1.556250000000000000e+03
2.500000000000000000e+01
1.812500000000000000e+03
4.268750000000000000e+03
3.175000000000000000e+03
6.631250000000000000e+03
1.625000000000000000e+02
1.356250000000000000e+03
2.437500000000000000e+02
5.087500000000000000e+03
2.850000000000000000e+03
3.200000000000000000e+03
5.868750000000000000e+03
4.750000000000000000e+02
1.118750000000000000e+03
2.931250000000000000e+03
3.462500000000000000e+03
1.000000000000000000e+03
4.750000000000000000e+02
1.187500000000000000e+03
2.862500000000000000e+03
2.500000000000000000e+01
3.493750000000000000e+03
1.812500000000000000e+02
1.968750000000000000e+03
3.618750000000000000e+03
5.212500000000000000e+03
2.631250000000000000e+03
2.500000000000000000e+01
2.625000000000000000e+02
2.256250000000000000e+03
1.887500000000000000e+03
4.487500000000000000e+03
3.000000000000000000e+03
3.431250000000000000e+03
1.337500000000000000e+03
7.687500000000000000e+02
5.800000000000000000e+03
2.325000000000000000e+03
4.775000000000000000e+03
2.075000000000000000e+03
1.375000000000000000e+02
2.000000000000000000e+02
2.456250000000000000e+03
2.500000000000000000e+01
2.681250000000000000e+03
8.750000000000000000e+02
1.687500000000000000e+02
2.325000000000000000e+03
4.375000000000000000e+01
3.000000000000000000e+02
1.375000000000000000e+03
1.106250000000000000e+03
7.181250000000000000e+03
1.050000000000000000e+03
1.925000000000000000e+03
3.662500000000000000e+03
3.625000000000000000e+02
6.000000000000000000e+02
3.275000000000000000e+03
1.125000000000000000e+03
1.343750000000000000e+03
4.643750000000000000e+03
8.125000000000000000e+01
4.631250000000000000e+03
8.937500000000000000e+02
4.875000000000000000e+02
3.250000000000000000e+02
3.168750000000000000e+03
3.668750000000000000e+03
8.500000000000000000e+02
3.287500000000000000e+03
3.293750000000000000e+03
5.618750000000000000e+03
2.912500000000000000e+03
3.250000000000000000e+02
2.900000000000000000e+03
6.937500000000000000e+02
1.737500000000000000e+03
3.118750000000000000e+03
1.750000000000000000e+03
1.862500000000000000e+03
7.556250000000000000e+03
3.025000000000000000e+03
1.518750000000000000e+03
2.250000000000000000e+02
1.050000000000000000e+03
2.068750000000000000e+03
5.075000000000000000e+03
2.512500000000000000e+03
6.250000000000000000e+01
1.318750000000000000e+03
7.812500000000000000e+02
1.512500000000000000e+03
3.043750000000000000e+03
1.000000000000000000e+02
1.493750000000000000e+03
3.275000000000000000e+03
1.812500000000000000e+03
7.556250000000000000e+03
1.400000000000000000e+03
2.050000000000000000e+03
1.118750000000000000e+03
2.900000000000000000e+03
3.750000000000000000e+01
3.750000000000000000e+01
2.175000000000000000e+03
3.387500000000000000e+03
1.293750000000000000e+03
2.481250000000000000e+03
7.562500000000000000e+02
1.568750000000000000e+03
2.962500000000000000e+03
1.812500000000000000e+03
6.062500000000000000e+02
2.018750000000000000e+03
2.500000000000000000e+01
1.393750000000000000e+03
4.906250000000000000e+03
1.462500000000000000e+03
3.250000000000000000e+02
1.231250000000000000e+03
4.662500000000000000e+03
4.562500000000000000e+03
1.868750000000000000e+03
2.687500000000000000e+02
1.493750000000000000e+03
1.937500000000000000e+02
2.500000000000000000e+01
8.362500000000000000e+03
3.481250000000000000e+03
5.437500000000000000e+02
5.700000000000000000e+03
1.050000000000000000e+03
5.250000000000000000e+02
7.812500000000000000e+02
3.493750000000000000e+03
6.562500000000000000e+02
8.125000000000000000e+01
7.500000000000000000e+01
7.543750000000000000e+03
6.000000000000000000e+02
5.868750000000000000e+03
1.550000000000000000e+03
4.625000000000000000e+02
2.500000000000000000e+01
1.431250000000000000e+03
6.900000000000000000e+03
4.937500000000000000e+02
9.812500000000000000e+02
1.062500000000000000e+03
5.625000000000000000e+01
2.062500000000000000e+03
5.956250000000000000e+03
3.812500000000000000e+02
2.600000000000000000e+03
3.250000000000000000e+02
4.712500000000000000e+03
5.312500000000000000e+02
1.381250000000000000e+03
1.350000000000000000e+03
3.012500000000000000e+03
2.500000000000000000e+01
7.500000000000000000e+02
9.937500000000000000e+02
6.437500000000000000e+02
1.025000000000000000e+03
7.062500000000000000e+02
2.437500000000000000e+02
2.993750000000000000e+03
1.181250000000000000e+03
3.187500000000000000e+02
7.337500000000000000e+03
1.312500000000000000e+03
1.437500000000000000e+02
5.506250000000000000e+03
6.093750000000000000e+03
2.056250000000000000e+03
2.350000000000000000e+03
1.756250000000000000e+03
4.500000000000000000e+02
1.750000000000000000e+03
4.756250000000000000e+03
1.562500000000000000e+02
6.250000000000000000e+02
2.850000000000000000e+03
1.956250000000000000e+03
2.468750000000000000e+03
6.662500000000000000e+03
3.687500000000000000e+02
7.250000000000000000e+02
2.031250000000000000e+03
5.062500000000000000e+02
1.525000000000000000e+03
2.837500000000000000e+03
6.625000000000000000e+03
1.143750000000000000e+03
8.725000000000000000e+03
3.125000000000000000e+01
3.462500000000000000e+03
8.125000000000000000e+01
1.868750000000000000e+03
1.425000000000000000e+03
1.018750000000000000e+03
1.900000000000000000e+03
4.250000000000000000e+02
1.600000000000000000e+03
1.300000000000000000e+03
2.500000000000000000e+01
5.006250000000000000e+03
2.081250000000000000e+03
6.062500000000000000e+02
4.250000000000000000e+02
1.050000000000000000e+03
3.406250000000000000e+03
1.693750000000000000e+03
3.812500000000000000e+02
1.225000000000000000e+03
4.775000000000000000e+03
4.187500000000000000e+02
2.906250000000000000e+03
6.250000000000000000e+02
6.875000000000000000e+01
2.875000000000000000e+02
1.925000000000000000e+03
1.606250000000000000e+03
6.968750000000000000e+03
3.437500000000000000e+02
3.562500000000000000e+02
8.937500000000000000e+02
2.437500000000000000e+02
2.393750000000000000e+03
3.337500000000000000e+03
1.331250000000000000e+03
4.331250000000000000e+03
4.368750000000000000e+03
5.037500000000000000e+03
7.500000000000000000e+02
1.075000000000000000e+03
2.131250000000000000e+03
8.312500000000000000e+02
2.681250000000000000e+03
1.806250000000000000e+03
1.818750000000000000e+03
2.500000000000000000e+01
1.712500000000000000e+03
1.143750000000000000e+03
5.625000000000000000e+02
1.725000000000000000e+03
5.312500000000000000e+03
5.193750000000000000e+03
6.062500000000000000e+02
4.187500000000000000e+02
5.125000000000000000e+02
3.025000000000000000e+03
2.500000000000000000e+01
4.675000000000000000e+03
1.700000000000000000e+03
3.312500000000000000e+02
7.000000000000000000e+02
1.437500000000000000e+02
7.125000000000000000e+02
2.075000000000000000e+03
5.643750000000000000e+03
3.000000000000000000e+02
5.625000000000000000e+01
2.500000000000000000e+01
2.843750000000000000e+03
1.168750000000000000e+03
8.250000000000000000e+02
8.881250000000000000e+03
6.000000000000000000e+02
1.437500000000000000e+03
1.987500000000000000e+03
4.706250000000000000e+03
7.500000000000000000e+02
5.750000000000000000e+02
3.800000000000000000e+03
2.437500000000000000e+02
3.493750000000000000e+03
2.906250000000000000e+03
1.743750000000000000e+03
6.131250000000000000e+03
1.237500000000000000e+03
5.762500000000000000e+03
5.393750000000000000e+03
1.468750000000000000e+03
3.037500000000000000e+03
6.200000000000000000e+03
2.075000000000000000e+03
4.118750000000000000e+03
2.312500000000000000e+02
2.750000000000000000e+02
2.500000000000000000e+01
5.687500000000000000e+02
7.125000000000000000e+02
3.687500000000000000e+02
1.762500000000000000e+03
5.000000000000000000e+01
1.125000000000000000e+03
6.437500000000000000e+02
3.868750000000000000e+03
1.362500000000000000e+03
4.406250000000000000e+03
1.087500000000000000e+03
1.931250000000000000e+03
2.400000000000000000e+03
2.193750000000000000e+03
5.731250000000000000e+03
4.200000000000000000e+03
1.587500000000000000e+03
2.475000000000000000e+03
2.381250000000000000e+03
3.125000000000000000e+02
8.125000000000000000e+02
5.625000000000000000e+01
2.825000000000000000e+03
1.212500000000000000e+03
5.062500000000000000e+02
3.750000000000000000e+02
4.868750000000000000e+03
2.125000000000000000e+02
2.225000000000000000e+03
2.181250000000000000e+03
4.625000000000000000e+02
4.256250000000000000e+03
1.393750000000000000e+03
2.256250000000000000e+03
2.475000000000000000e+03
2.675000000000000000e+03
6.875000000000000000e+02
2.962500000000000000e+03
1.625000000000000000e+02
5.718750000000000000e+03
1.775000000000000000e+03
8.225000000000000000e+03
2.793750000000000000e+03
3.837500000000000000e+03
1.062500000000000000e+03
1.793750000000000000e+03
1.943750000000000000e+03
2.500000000000000000e+01
1.556250000000000000e+03
3.687500000000000000e+02
6.237500000000000000e+03
4.562500000000000000e+03
2.106250000000000000e+03
4.187500000000000000e+02
2.281250000000000000e+03
7.500000000000000000e+02
2.175000000000000000e+03
3.081250000000000000e+03
2.500000000000000000e+01
1.562500000000000000e+02
6.000000000000000000e+02
1.312500000000000000e+03
2.568750000000000000e+03
2.812500000000000000e+02
1.187500000000000000e+03
5.868750000000000000e+03
5.056250000000000000e+03
1.793750000000000000e+03
1.718750000000000000e+03
1.350000000000000000e+03
2.293750000000000000e+03
1.781250000000000000e+03
4.437500000000000000e+02
3.750000000000000000e+01
3.993750000000000000e+03
4.325000000000000000e+03
3.393750000000000000e+03
2.318750000000000000e+03
1.193750000000000000e+03
4.806250000000000000e+03
2.206250000000000000e+03
2.075000000000000000e+03
8.062500000000000000e+02
5.500000000000000000e+02
9.500000000000000000e+02
5.418750000000000000e+03
3.062500000000000000e+02
1.225000000000000000e+03
3.518750000000000000e+03
7.937500000000000000e+02
4.762500000000000000e+03
1.175000000000000000e+03
8.125000000000000000e+02
6.125000000000000000e+02
1.168750000000000000e+03
1.675000000000000000e+03
8.212500000000000000e+03
3.081250000000000000e+03
2.356250000000000000e+03
9.500000000000000000e+02
3.187500000000000000e+02
1.843750000000000000e+03
2.562500000000000000e+03
1.143750000000000000e+03
5.937500000000000000e+02
6.125000000000000000e+02
1.487500000000000000e+03
1.562500000000000000e+02
5.687500000000000000e+03
9.875000000000000000e+02
1.968750000000000000e+03
3.125000000000000000e+01
7.812500000000000000e+02
9.250000000000000000e+02
7.062500000000000000e+03
3.343750000000000000e+03
1.556250000000000000e+03
2.306250000000000000e+03
1.412500000000000000e+03
2.668750000000000000e+03
1.931250000000000000e+03
1.450000000000000000e+03
1.062500000000000000e+02
1.000000000000000000e+02
3.875000000000000000e+02
1.125000000000000000e+02
3.031250000000000000e+03
4.343750000000000000e+03
1.500000000000000000e+03
3.206250000000000000e+03
6.550000000000000000e+03
1.687500000000000000e+02
1.937500000000000000e+03
3.500000000000000000e+02
4.375000000000000000e+02
2.906250000000000000e+03
2.087500000000000000e+03
1.456250000000000000e+03
5.937500000000000000e+02
4.718750000000000000e+03
4.250000000000000000e+02
1.681250000000000000e+03
7.606250000000000000e+03
1.162500000000000000e+03
5.437500000000000000e+02
3.843750000000000000e+03
1.562500000000000000e+02
2.143750000000000000e+03
4.143750000000000000e+03
8.193750000000000000e+03
2.625000000000000000e+02
3.806250000000000000e+03
4.500000000000000000e+02
4.250000000000000000e+02
1.612500000000000000e+03
1.487500000000000000e+03
1.050000000000000000e+03
3.712500000000000000e+03
2.368750000000000000e+03
4.312500000000000000e+02
3.750000000000000000e+03
6.562500000000000000e+02
4.562500000000000000e+02
4.243750000000000000e+03
2.162500000000000000e+03
1.000000000000000000e+03
3.031250000000000000e+03
8.125000000000000000e+01
3.818750000000000000e+03
8.750000000000000000e+02
2.500000000000000000e+01
4.012500000000000000e+03
1.725000000000000000e+03
2.200000000000000000e+03
6.500000000000000000e+02
1.912500000000000000e+03
1.343750000000000000e+03
1.937500000000000000e+02
5.537500000000000000e+03
2.712500000000000000e+03
4.387500000000000000e+03
2.012500000000000000e+03
6.387500000000000000e+03
2.175000000000000000e+03
1.118750000000000000e+03
5.975000000000000000e+03
4.662500000000000000e+03
1.543750000000000000e+03
3.268750000000000000e+03
4.018750000000000000e+03
1.431250000000000000e+03
2.762500000000000000e+03
2.075000000000000000e+03
8.687500000000000000e+02
2.500000000000000000e+01
5.175000000000000000e+03
1.543750000000000000e+03
5.606250000000000000e+03
