3.234800000000000000e+04
3.396800000000000000e+04
4.884000000000000000e+04
5.876000000000000000e+04
9.176900000000000000e+04
9.370800000000000000e+04
9.572900000000000000e+04
1.011590000000000000e+05
1.223650000000000000e+05
1.285570000000000000e+05
1.584930000000000000e+05
1.634050000000000000e+05
1.711240000000000000e+05
1.802210000000000000e+05
2.044140000000000000e+05
2.101440000000000000e+05
2.159540000000000000e+05
2.161470000000000000e+05
2.510470000000000000e+05
2.814050000000000000e+05
3.242230000000000000e+05
3.413710000000000000e+05
3.664840000000000000e+05
