2.702200000000000000e+04
5.002100000000000000e+04
6.754900000000000000e+04
7.107100000000000000e+04
8.232400000000000000e+04
1.149090000000000000e+05
1.259480000000000000e+05
1.279810000000000000e+05
1.326520000000000000e+05
1.437820000000000000e+05
1.503230000000000000e+05
1.507290000000000000e+05
1.830360000000000000e+05
1.872150000000000000e+05
1.983370000000000000e+05
2.107180000000000000e+05
2.107540000000000000e+05
2.129670000000000000e+05
2.271880000000000000e+05
2.437720000000000000e+05
2.458760000000000000e+05
2.689840000000000000e+05
2.873590000000000000e+05
2.973420000000000000e+05
3.135980000000000000e+05
3.143600000000000000e+05
3.302720000000000000e+05
3.524200000000000000e+05
