2.703000000000000000e+04
2.705500000000000000e+04
3.371600000000000000e+04
5.101000000000000000e+04
7.795800000000000000e+04
9.148100000000000000e+04
1.042020000000000000e+05
1.122770000000000000e+05
1.297960000000000000e+05
1.595910000000000000e+05
1.671670000000000000e+05
1.837990000000000000e+05
1.847630000000000000e+05
1.858940000000000000e+05
1.862930000000000000e+05
1.866280000000000000e+05
1.968000000000000000e+05
2.012270000000000000e+05
2.021020000000000000e+05
2.132160000000000000e+05
2.330350000000000000e+05
2.345620000000000000e+05
2.433020000000000000e+05
2.493130000000000000e+05
2.588650000000000000e+05
2.603590000000000000e+05
2.638240000000000000e+05
2.705540000000000000e+05
3.142590000000000000e+05
3.246260000000000000e+05
3.266340000000000000e+05
3.351380000000000000e+05
3.379740000000000000e+05
3.381820000000000000e+05
3.497540000000000000e+05
3.619770000000000000e+05
