4.909000000000000000e+03
8.062000000000000000e+03
6.280500000000000000e+04
6.571500000000000000e+04
7.049800000000000000e+04
7.833200000000000000e+04
8.148200000000000000e+04
1.001740000000000000e+05
1.168850000000000000e+05
1.333990000000000000e+05
1.457670000000000000e+05
1.588900000000000000e+05
1.756920000000000000e+05
2.013050000000000000e+05
2.513890000000000000e+05
2.816340000000000000e+05
2.931420000000000000e+05
3.017600000000000000e+05
3.026760000000000000e+05
3.067760000000000000e+05
3.068720000000000000e+05
3.106600000000000000e+05
3.215270000000000000e+05
3.321860000000000000e+05
3.497680000000000000e+05
3.535800000000000000e+05
3.577320000000000000e+05
3.683890000000000000e+05
3.695380000000000000e+05
