1.880700000000000000e+04
2.431100000000000000e+04
4.408300000000000000e+04
7.240300000000000000e+04
8.683200000000000000e+04
1.121480000000000000e+05
1.142980000000000000e+05
1.227800000000000000e+05
1.315320000000000000e+05
1.447250000000000000e+05
1.460210000000000000e+05
1.866970000000000000e+05
1.916820000000000000e+05
2.167100000000000000e+05
2.240430000000000000e+05
2.388430000000000000e+05
2.716640000000000000e+05
3.194970000000000000e+05
3.210680000000000000e+05
3.246500000000000000e+05
3.365960000000000000e+05
3.397320000000000000e+05
3.423600000000000000e+05
3.574150000000000000e+05
