4.569000000000000000e+03
1.248900000000000000e+04
1.471700000000000000e+04
3.908700000000000000e+04
5.026200000000000000e+04
5.504700000000000000e+04
6.074300000000000000e+04
6.088900000000000000e+04
8.010200000000000000e+04
9.055200000000000000e+04
9.155300000000000000e+04
9.279100000000000000e+04
1.068060000000000000e+05
1.320980000000000000e+05
1.351410000000000000e+05
1.378560000000000000e+05
1.464100000000000000e+05
1.471540000000000000e+05
1.504130000000000000e+05
1.548910000000000000e+05
1.560070000000000000e+05
1.602040000000000000e+05
1.645900000000000000e+05
2.055870000000000000e+05
2.084550000000000000e+05
2.530390000000000000e+05
2.754160000000000000e+05
2.907070000000000000e+05
2.978880000000000000e+05
3.125350000000000000e+05
3.301950000000000000e+05
3.609790000000000000e+05
3.718630000000000000e+05
