3.250000000000000000e+02
4.510000000000000000e+02
2.510000000000000000e+02
1.280000000000000000e+02
5.100000000000000000e+01
2.000000000000000000e+02
2.160000000000000000e+02
5.300000000000000000e+01
4.600000000000000000e+01
7.220000000000000000e+02
1.110000000000000000e+02
1.030000000000000000e+02
1.720000000000000000e+02
6.800000000000000000e+01
1.440000000000000000e+02
6.000000000000000000e+01
1.870000000000000000e+02
6.900000000000000000e+01
1.680000000000000000e+02
6.700000000000000000e+01
7.200000000000000000e+01
9.900000000000000000e+01
3.720000000000000000e+02
2.620000000000000000e+02
5.200000000000000000e+01
1.930000000000000000e+02
4.500000000000000000e+01
5.650000000000000000e+02
7.000000000000000000e+01
7.100000000000000000e+01
7.980000000000000000e+02
4.900000000000000000e+01
2.550000000000000000e+02
1.080000000000000000e+02
