5.000000000000000000e+01
5.710000000000000000e+02
7.790000000000000000e+02
1.880000000000000000e+02
2.690000000000000000e+02
4.030000000000000000e+02
3.780000000000000000e+02
6.500000000000000000e+01
9.500000000000000000e+01
4.980000000000000000e+02
4.610000000000000000e+02
1.173000000000000000e+03
9.070000000000000000e+02
3.180000000000000000e+02
4.210000000000000000e+02
2.770000000000000000e+02
8.100000000000000000e+01
6.620000000000000000e+02
3.610000000000000000e+02
3.710000000000000000e+02
1.200000000000000000e+02
2.940000000000000000e+02
2.190000000000000000e+02
2.690000000000000000e+02
1.780000000000000000e+02
5.410000000000000000e+02
3.570000000000000000e+02
7.570000000000000000e+02
