7.970000000000000000e+02
5.020000000000000000e+02
5.620000000000000000e+02
7.880000000000000000e+02
5.280000000000000000e+02
1.730000000000000000e+02
7.030000000000000000e+02
3.760000000000000000e+02
7.120000000000000000e+02
4.900000000000000000e+01
4.350000000000000000e+02
1.600000000000000000e+01
3.400000000000000000e+02
2.170000000000000000e+02
4.640000000000000000e+02
3.800000000000000000e+01
1.460000000000000000e+02
1.460000000000000000e+02
3.030000000000000000e+02
5.800000000000000000e+01
2.550000000000000000e+02
1.010000000000000000e+02
1.500000000000000000e+02
2.070000000000000000e+02
2.430000000000000000e+02
2.560000000000000000e+02
1.010000000000000000e+02
3.100000000000000000e+01
5.050000000000000000e+02
