2.320000000000000000e+02
4.500000000000000000e+01
1.860000000000000000e+02
5.900000000000000000e+01
2.590000000000000000e+02
8.120000000000000000e+02
5.000000000000000000e+01
3.750000000000000000e+02
6.090000000000000000e+02
4.000000000000000000e+00
9.000000000000000000e+00
1.600000000000000000e+01
2.200000000000000000e+02
9.200000000000000000e+01
4.130000000000000000e+02
1.560000000000000000e+02
4.700000000000000000e+01
1.200000000000000000e+02
9.800000000000000000e+01
7.640000000000000000e+02
6.260000000000000000e+02
4.000000000000000000e+00
1.140000000000000000e+02
8.010000000000000000e+02
1.120000000000000000e+02
1.900000000000000000e+01
4.920000000000000000e+02
