2.400000000000000000e+01
4.300000000000000000e+01
1.920000000000000000e+02
3.870000000000000000e+02
1.100000000000000000e+02
5.160000000000000000e+02
7.360000000000000000e+02
3.810000000000000000e+02
6.500000000000000000e+02
1.780000000000000000e+02
3.580000000000000000e+02
4.930000000000000000e+02
6.410000000000000000e+02
1.940000000000000000e+02
2.550000000000000000e+02
1.260000000000000000e+02
1.110000000000000000e+02
3.490000000000000000e+02
7.390000000000000000e+02
4.100000000000000000e+01
1.300000000000000000e+02
1.320000000000000000e+02
1.920000000000000000e+02
2.890000000000000000e+02
1.700000000000000000e+01
6.070000000000000000e+02
1.114000000000000000e+03
8.500000000000000000e+01
8.910000000000000000e+02
3.810000000000000000e+02
