1.715000000000000000e+04
2.966100000000000000e+04
3.112100000000000000e+04
9.400100000000000000e+04
1.053900000000000000e+05
1.203220000000000000e+05
1.295710000000000000e+05
1.341030000000000000e+05
1.499300000000000000e+05
1.515700000000000000e+05
1.528020000000000000e+05
1.558890000000000000e+05
1.564040000000000000e+05
1.610190000000000000e+05
1.720970000000000000e+05
1.982430000000000000e+05
2.165380000000000000e+05
2.238330000000000000e+05
2.362470000000000000e+05
2.531820000000000000e+05
2.835230000000000000e+05
2.970510000000000000e+05
3.041970000000000000e+05
3.057570000000000000e+05
3.132410000000000000e+05
3.362220000000000000e+05
3.569420000000000000e+05
3.574570000000000000e+05
3.631410000000000000e+05
