9.373000000000000000e+03
6.028600000000000000e+04
6.505200000000000000e+04
7.204200000000000000e+04
7.711000000000000000e+04
9.050700000000000000e+04
9.764700000000000000e+04
1.009000000000000000e+05
1.082710000000000000e+05
1.110720000000000000e+05
1.196480000000000000e+05
1.484560000000000000e+05
1.575610000000000000e+05
1.610720000000000000e+05
1.657780000000000000e+05
1.761550000000000000e+05
1.850140000000000000e+05
1.996990000000000000e+05
2.065110000000000000e+05
2.348160000000000000e+05
2.624440000000000000e+05
2.749480000000000000e+05
2.991030000000000000e+05
3.124020000000000000e+05
3.221480000000000000e+05
3.398740000000000000e+05
3.495680000000000000e+05
3.588130000000000000e+05
