5.840000000000000000e+02
9.488000000000000000e+03
9.612000000000000000e+03
2.967600000000000000e+04
4.610100000000000000e+04
5.749400000000000000e+04
6.952500000000000000e+04
7.212500000000000000e+04
7.616400000000000000e+04
8.970300000000000000e+04
1.136730000000000000e+05
1.168230000000000000e+05
1.280550000000000000e+05
1.562740000000000000e+05
1.681550000000000000e+05
1.912310000000000000e+05
2.422220000000000000e+05
2.497720000000000000e+05
2.745390000000000000e+05
2.773590000000000000e+05
3.281330000000000000e+05
3.292850000000000000e+05
3.350520000000000000e+05
3.420590000000000000e+05
3.644470000000000000e+05
