3.341000000000000000e+03
2.860600000000000000e+04
3.318600000000000000e+04
3.346000000000000000e+04
1.451370000000000000e+05
1.470280000000000000e+05
1.487600000000000000e+05
1.773040000000000000e+05
1.793620000000000000e+05
2.068430000000000000e+05
2.295930000000000000e+05
2.480950000000000000e+05
2.483780000000000000e+05
2.582070000000000000e+05
2.650110000000000000e+05
2.722960000000000000e+05
2.811990000000000000e+05
2.843710000000000000e+05
3.060710000000000000e+05
3.263470000000000000e+05
3.428520000000000000e+05
3.467850000000000000e+05
3.695510000000000000e+05
