1.575000000000000000e+03
1.980400000000000000e+04
4.596800000000000000e+04
7.189600000000000000e+04
8.931500000000000000e+04
9.427100000000000000e+04
1.010020000000000000e+05
1.060320000000000000e+05
1.470090000000000000e+05
1.488750000000000000e+05
1.604510000000000000e+05
1.623600000000000000e+05
1.687130000000000000e+05
1.735930000000000000e+05
1.758000000000000000e+05
1.797880000000000000e+05
1.814560000000000000e+05
1.993670000000000000e+05
2.263270000000000000e+05
2.376510000000000000e+05
2.451020000000000000e+05
2.541180000000000000e+05
2.966650000000000000e+05
2.985560000000000000e+05
3.293400000000000000e+05
3.356890000000000000e+05
3.359300000000000000e+05
3.638480000000000000e+05
