1.330000000000000000e+02
2.500000000000000000e+01
5.770000000000000000e+02
3.870000000000000000e+02
6.230000000000000000e+02
3.190000000000000000e+02
7.860000000000000000e+02
6.240000000000000000e+02
2.750000000000000000e+02
2.730000000000000000e+02
1.480000000000000000e+02
2.350000000000000000e+02
1.178000000000000000e+03
7.000000000000000000e+00
3.080000000000000000e+02
3.540000000000000000e+02
1.050000000000000000e+02
9.000000000000000000e+00
4.900000000000000000e+01
2.770000000000000000e+02
1.085000000000000000e+03
8.000000000000000000e+00
2.400000000000000000e+01
7.210000000000000000e+02
5.760000000000000000e+02
8.900000000000000000e+01
4.800000000000000000e+01
2.380000000000000000e+02
1.520000000000000000e+02
3.080000000000000000e+02
2.900000000000000000e+01
5.620000000000000000e+02
5.000000000000000000e+00
