7.250000000000000000e+02
3.870000000000000000e+02
2.930000000000000000e+02
1.170000000000000000e+02
3.100000000000000000e+02
2.910000000000000000e+02
2.090000000000000000e+02
4.580000000000000000e+02
1.270000000000000000e+02
7.210000000000000000e+02
1.320000000000000000e+02
3.450000000000000000e+02
3.960000000000000000e+02
1.260000000000000000e+02
8.900000000000000000e+01
8.720000000000000000e+02
2.000000000000000000e+01
4.900000000000000000e+02
1.700000000000000000e+01
5.900000000000000000e+01
9.070000000000000000e+02
8.900000000000000000e+01
2.530000000000000000e+02
1.230000000000000000e+02
8.900000000000000000e+01
1.820000000000000000e+02
2.160000000000000000e+02
3.460000000000000000e+02
2.240000000000000000e+02
3.940000000000000000e+02
3.880000000000000000e+02
3.380000000000000000e+02
4.700000000000000000e+01
6.390000000000000000e+02
