5.400000000000000000e+01
1.105000000000000000e+03
1.300000000000000000e+02
8.300000000000000000e+01
8.500000000000000000e+01
8.700000000000000000e+01
2.910000000000000000e+02
4.700000000000000000e+01
2.730000000000000000e+02
5.710000000000000000e+02
2.700000000000000000e+01
5.500000000000000000e+01
1.850000000000000000e+02
3.300000000000000000e+01
1.930000000000000000e+02
4.800000000000000000e+01
9.000000000000000000e+01
7.900000000000000000e+01
1.090000000000000000e+02
1.480000000000000000e+02
5.040000000000000000e+02
5.400000000000000000e+01
6.710000000000000000e+02
1.050000000000000000e+02
5.410000000000000000e+02
2.990000000000000000e+02
6.000000000000000000e+01
