4.000000000000000000e+00
2.160000000000000000e+02
6.300000000000000000e+02
1.650000000000000000e+02
1.055000000000000000e+03
5.830000000000000000e+02
8.210000000000000000e+02
1.158000000000000000e+03
6.600000000000000000e+01
4.400000000000000000e+01
5.840000000000000000e+02
5.700000000000000000e+01
3.320000000000000000e+02
4.180000000000000000e+02
3.150000000000000000e+02
8.700000000000000000e+01
2.100000000000000000e+01
4.030000000000000000e+02
1.910000000000000000e+02
1.730000000000000000e+02
3.930000000000000000e+02
2.720000000000000000e+02
1.330000000000000000e+02
5.700000000000000000e+02
