4.570000000000000000e+02
9.840000000000000000e+03
1.088400000000000000e+04
1.670200000000000000e+04
4.527000000000000000e+04
5.307200000000000000e+04
6.305500000000000000e+04
9.779600000000000000e+04
1.365100000000000000e+05
1.414300000000000000e+05
1.784060000000000000e+05
2.136600000000000000e+05
2.325490000000000000e+05
2.398390000000000000e+05
2.643590000000000000e+05
3.199050000000000000e+05
3.474510000000000000e+05
3.713160000000000000e+05
3.796190000000000000e+05
4.141220000000000000e+05
4.284750000000000000e+05
4.657640000000000000e+05
4.879360000000000000e+05
4.956370000000000000e+05
5.019450000000000000e+05
5.103760000000000000e+05
5.571760000000000000e+05
5.658770000000000000e+05
6.049680000000000000e+05
6.072360000000000000e+05
6.248080000000000000e+05
6.310280000000000000e+05
6.532070000000000000e+05
6.857730000000000000e+05
6.888910000000000000e+05
7.415370000000000000e+05
7.514740000000000000e+05
7.563870000000000000e+05
7.905260000000000000e+05
8.264470000000000000e+05
8.353420000000000000e+05
9.043450000000000000e+05
9.260840000000000000e+05
9.318820000000000000e+05
9.348510000000000000e+05
9.456850000000000000e+05
9.588640000000000000e+05
9.617990000000000000e+05
9.631520000000000000e+05
9.664830000000000000e+05
9.859540000000000000e+05
9.866680000000000000e+05
9.936100000000000000e+05
1.091499000000000000e+06
1.115781000000000000e+06
1.163819000000000000e+06
1.164737000000000000e+06
1.190699000000000000e+06
1.230083000000000000e+06
1.242139000000000000e+06
1.273303000000000000e+06
1.276430000000000000e+06
1.287658000000000000e+06
1.307390000000000000e+06
1.342863000000000000e+06
1.352981000000000000e+06
1.356496000000000000e+06
1.417874000000000000e+06
1.477898000000000000e+06
1.481335000000000000e+06
1.542993000000000000e+06
1.558403000000000000e+06
1.560734000000000000e+06
1.571863000000000000e+06
1.580019000000000000e+06
1.609755000000000000e+06
1.642102000000000000e+06
1.669856000000000000e+06
1.680342000000000000e+06
1.691182000000000000e+06
1.700515000000000000e+06
1.788734000000000000e+06
1.864864000000000000e+06
1.867295000000000000e+06
1.894896000000000000e+06
2.039508000000000000e+06
2.115213000000000000e+06
2.116648000000000000e+06
2.185040000000000000e+06
2.186279000000000000e+06
2.240109000000000000e+06
2.252648000000000000e+06
2.263935000000000000e+06
2.265719000000000000e+06
2.326241000000000000e+06
2.330373000000000000e+06
2.333017000000000000e+06
2.338908000000000000e+06
2.344201000000000000e+06
2.355122000000000000e+06
2.357110000000000000e+06
2.360737000000000000e+06
2.360854000000000000e+06
2.365946000000000000e+06
2.387257000000000000e+06
2.396602000000000000e+06
2.408813000000000000e+06
2.417271000000000000e+06
2.463070000000000000e+06
2.466131000000000000e+06
2.491968000000000000e+06
2.539081000000000000e+06
2.570565000000000000e+06
2.578694000000000000e+06
2.581299000000000000e+06
2.588136000000000000e+06
2.642976000000000000e+06
2.670606000000000000e+06
2.703503000000000000e+06
2.708250000000000000e+06
2.712116000000000000e+06
2.767185000000000000e+06
2.767256000000000000e+06
2.794192000000000000e+06
2.799645000000000000e+06
2.849717000000000000e+06
2.860337000000000000e+06
2.910099000000000000e+06
2.923818000000000000e+06
2.963002000000000000e+06
3.059453000000000000e+06
3.067181000000000000e+06
3.079497000000000000e+06
3.100512000000000000e+06
3.184524000000000000e+06
3.262214000000000000e+06
3.315113000000000000e+06
3.346481000000000000e+06
3.373679000000000000e+06
3.394919000000000000e+06
3.416565000000000000e+06
3.435189000000000000e+06
3.447440000000000000e+06
3.447892000000000000e+06
3.456987000000000000e+06
3.464474000000000000e+06
3.545815000000000000e+06
3.548716000000000000e+06
3.602591000000000000e+06
3.615254000000000000e+06
3.651888000000000000e+06
3.655685000000000000e+06
3.685935000000000000e+06
3.728153000000000000e+06
3.731119000000000000e+06
3.738120000000000000e+06
3.763684000000000000e+06
3.770306000000000000e+06
3.787045000000000000e+06
3.817213000000000000e+06
3.829200000000000000e+06
3.836849000000000000e+06
3.856138000000000000e+06
3.909216000000000000e+06
3.933214000000000000e+06
3.947866000000000000e+06
3.948045000000000000e+06
3.958516000000000000e+06
4.010799000000000000e+06
4.021034000000000000e+06
4.052191000000000000e+06
4.059509000000000000e+06
4.086100000000000000e+06
4.103325000000000000e+06
4.131164000000000000e+06
4.141918000000000000e+06
4.152131000000000000e+06
4.181491000000000000e+06
4.220005000000000000e+06
4.221631000000000000e+06
4.276731000000000000e+06
4.283195000000000000e+06
4.285599000000000000e+06
4.301067000000000000e+06
4.408548000000000000e+06
4.430436000000000000e+06
4.470372000000000000e+06
4.489727000000000000e+06
4.491366000000000000e+06
4.506555000000000000e+06
4.514295000000000000e+06
4.650395000000000000e+06
4.655636000000000000e+06
4.656958000000000000e+06
4.665671000000000000e+06
4.679802000000000000e+06
4.712708000000000000e+06
4.758125000000000000e+06
4.766531000000000000e+06
4.793769000000000000e+06
4.847139000000000000e+06
4.911094000000000000e+06
4.929463000000000000e+06
4.986591000000000000e+06
4.992692000000000000e+06
5.009288000000000000e+06
5.049532000000000000e+06
5.056475000000000000e+06
5.060180000000000000e+06
5.073577000000000000e+06
5.084393000000000000e+06
5.107685000000000000e+06
5.135129000000000000e+06
5.169159000000000000e+06
5.171444000000000000e+06
5.197639000000000000e+06
5.277929000000000000e+06
5.280300000000000000e+06
5.351038000000000000e+06
5.379836000000000000e+06
5.395590000000000000e+06
5.416548000000000000e+06
5.422719000000000000e+06
5.465412000000000000e+06
5.482480000000000000e+06
5.497856000000000000e+06
5.522737000000000000e+06
5.527937000000000000e+06
5.573886000000000000e+06
5.635937000000000000e+06
5.649702000000000000e+06
5.658561000000000000e+06
5.671152000000000000e+06
5.718450000000000000e+06
5.768742000000000000e+06
5.770986000000000000e+06
5.826856000000000000e+06
5.845980000000000000e+06
5.855640000000000000e+06
5.865169000000000000e+06
5.884241000000000000e+06
5.918359000000000000e+06
5.957873000000000000e+06
5.968136000000000000e+06
6.002035000000000000e+06
6.074487000000000000e+06
6.159343000000000000e+06
6.164104000000000000e+06
6.206223000000000000e+06
6.213820000000000000e+06
6.224407000000000000e+06
6.248785000000000000e+06
6.277846000000000000e+06
6.313774000000000000e+06
6.324145000000000000e+06
6.371044000000000000e+06
6.371341000000000000e+06
6.404339000000000000e+06
6.404689000000000000e+06
6.412915000000000000e+06
6.414963000000000000e+06
6.424655000000000000e+06
6.426178000000000000e+06
6.449196000000000000e+06
6.472367000000000000e+06
6.487871000000000000e+06
6.530459000000000000e+06
6.575480000000000000e+06
6.605742000000000000e+06
6.659699000000000000e+06
6.674471000000000000e+06
6.707984000000000000e+06
6.752705000000000000e+06
6.758153000000000000e+06
6.812911000000000000e+06
6.976308000000000000e+06
6.991379000000000000e+06
7.036211000000000000e+06
7.071717000000000000e+06
7.098886000000000000e+06
7.178419000000000000e+06
7.192456000000000000e+06
7.198960000000000000e+06
7.202704000000000000e+06
7.208708000000000000e+06
7.251355000000000000e+06
7.251518000000000000e+06
7.303635000000000000e+06
7.324005000000000000e+06
7.331168000000000000e+06
7.347192000000000000e+06
7.356941000000000000e+06
7.438548000000000000e+06
7.442921000000000000e+06
7.457616000000000000e+06
7.462701000000000000e+06
7.515917000000000000e+06
7.520212000000000000e+06
7.524530000000000000e+06
7.539344000000000000e+06
7.572253000000000000e+06
7.598213000000000000e+06
7.609988000000000000e+06
7.619765000000000000e+06
7.636050000000000000e+06
7.640511000000000000e+06
7.661587000000000000e+06
7.678650000000000000e+06
7.696763000000000000e+06
7.708979000000000000e+06
7.739846000000000000e+06
7.802943000000000000e+06
7.804292000000000000e+06
7.825455000000000000e+06
7.859406000000000000e+06
7.882250000000000000e+06
7.956153000000000000e+06
7.995340000000000000e+06
8.004751000000000000e+06
8.005304000000000000e+06
8.071060000000000000e+06
8.080552000000000000e+06
8.088565000000000000e+06
8.096342000000000000e+06
8.102734000000000000e+06
8.134223000000000000e+06
8.135520000000000000e+06
8.139313000000000000e+06
8.165011000000000000e+06
8.196094000000000000e+06
8.199665000000000000e+06
8.217895000000000000e+06
8.242937000000000000e+06
8.263593000000000000e+06
8.268306000000000000e+06
8.277328000000000000e+06
8.296827000000000000e+06
8.305089000000000000e+06
8.380921000000000000e+06
8.397031000000000000e+06
8.403504000000000000e+06
8.477473000000000000e+06
8.479140000000000000e+06
8.492275000000000000e+06
8.519271000000000000e+06
8.608906000000000000e+06
8.640555000000000000e+06
8.643728000000000000e+06
8.667723000000000000e+06
8.681183000000000000e+06
8.699583000000000000e+06
8.738798000000000000e+06
8.809104000000000000e+06
8.827171000000000000e+06
8.876486000000000000e+06
8.895610000000000000e+06
8.911884000000000000e+06
8.918978000000000000e+06
8.958056000000000000e+06
8.981250000000000000e+06
8.987734000000000000e+06
8.998135000000000000e+06
9.007353000000000000e+06
9.013384000000000000e+06
9.033200000000000000e+06
9.039862000000000000e+06
9.067142000000000000e+06
9.145301000000000000e+06
9.150899000000000000e+06
9.213481000000000000e+06
9.261385000000000000e+06
9.367226000000000000e+06
9.378102000000000000e+06
9.457006000000000000e+06
9.459748000000000000e+06
9.466949000000000000e+06
9.479169000000000000e+06
9.566548000000000000e+06
9.578751000000000000e+06
9.601398000000000000e+06
9.607223000000000000e+06
9.632901000000000000e+06
9.642955000000000000e+06
9.731087000000000000e+06
9.745482000000000000e+06
9.760267000000000000e+06
9.789384000000000000e+06
9.796475000000000000e+06
9.803119000000000000e+06
9.812151000000000000e+06
9.860987000000000000e+06
9.873669000000000000e+06
9.920198000000000000e+06
9.973949000000000000e+06
9.995613000000000000e+06
9.995756000000000000e+06
1.000709400000000000e+07
1.003830300000000000e+07
1.004383300000000000e+07
1.006107400000000000e+07
1.006470500000000000e+07
1.006543600000000000e+07
1.016747600000000000e+07
1.020187800000000000e+07
1.025264800000000000e+07
1.033846600000000000e+07
1.034578000000000000e+07
1.034823700000000000e+07
1.035243500000000000e+07
1.035758100000000000e+07
1.036336500000000000e+07
1.036955400000000000e+07
1.037946800000000000e+07
1.039174400000000000e+07
1.039585900000000000e+07
1.039864000000000000e+07
1.040134700000000000e+07
1.041440300000000000e+07
1.042110100000000000e+07
1.053832700000000000e+07
1.057797500000000000e+07
1.061380000000000000e+07
1.063819800000000000e+07
1.064006900000000000e+07
1.069972500000000000e+07
1.071573600000000000e+07
1.073236600000000000e+07
1.075298400000000000e+07
1.075753600000000000e+07
1.077104300000000000e+07
1.080048600000000000e+07
1.082558900000000000e+07
1.083712900000000000e+07
1.090786200000000000e+07
1.101235100000000000e+07
1.105913000000000000e+07
1.108580400000000000e+07
1.110732800000000000e+07
1.116136900000000000e+07
1.116709300000000000e+07
1.121064300000000000e+07
1.122085300000000000e+07
1.129429200000000000e+07
1.130898800000000000e+07
1.131224900000000000e+07
1.131282100000000000e+07
1.131614400000000000e+07
1.135196200000000000e+07
1.136133300000000000e+07
1.137291700000000000e+07
1.137523400000000000e+07
1.139431600000000000e+07
1.140939300000000000e+07
1.143556600000000000e+07
1.148803700000000000e+07
1.149439400000000000e+07
1.151908000000000000e+07
1.155973200000000000e+07
1.158217200000000000e+07
1.158759300000000000e+07
1.159059100000000000e+07
1.160415900000000000e+07
1.160632600000000000e+07
1.163916600000000000e+07
1.167807900000000000e+07
1.168062700000000000e+07
1.171621100000000000e+07
1.175366800000000000e+07
1.177891800000000000e+07
1.179605300000000000e+07
1.183429400000000000e+07
1.183621700000000000e+07
1.184599500000000000e+07
1.185286800000000000e+07
1.190913400000000000e+07
1.191312200000000000e+07
1.193290800000000000e+07
1.193742900000000000e+07
1.196269100000000000e+07
1.196642600000000000e+07
1.198984000000000000e+07
1.199144300000000000e+07
1.200972500000000000e+07
1.206862500000000000e+07
1.213088800000000000e+07
1.213469300000000000e+07
1.218370800000000000e+07
1.219421700000000000e+07
1.221436400000000000e+07
1.224290400000000000e+07
1.228445200000000000e+07
1.229159200000000000e+07
1.232690700000000000e+07
1.233703400000000000e+07
1.235032400000000000e+07
1.238139400000000000e+07
1.242542400000000000e+07
1.246800500000000000e+07
1.249609200000000000e+07
1.251575300000000000e+07
1.258978900000000000e+07
1.260362000000000000e+07
1.262866600000000000e+07
1.263198800000000000e+07
1.263710200000000000e+07
1.268412300000000000e+07
1.269951900000000000e+07
1.271584000000000000e+07
1.272745300000000000e+07
1.272962000000000000e+07
1.276607400000000000e+07
1.279366600000000000e+07
1.279582500000000000e+07
1.280214900000000000e+07
1.285661500000000000e+07
1.287662600000000000e+07
1.289713900000000000e+07
1.290197600000000000e+07
1.290411600000000000e+07
1.291490300000000000e+07
1.303101300000000000e+07
1.303450300000000000e+07
1.305404700000000000e+07
1.305417500000000000e+07
1.307053500000000000e+07
1.307094200000000000e+07
1.307637500000000000e+07
1.308067500000000000e+07
1.308127600000000000e+07
1.317519900000000000e+07
1.317964500000000000e+07
1.325316800000000000e+07
1.326928700000000000e+07
1.327023900000000000e+07
1.330819100000000000e+07
1.332822700000000000e+07
1.333337600000000000e+07
1.333993300000000000e+07
1.335777300000000000e+07
1.336903200000000000e+07
1.339303600000000000e+07
1.340336700000000000e+07
1.341286100000000000e+07
1.344149000000000000e+07
1.350488000000000000e+07
1.351006300000000000e+07
1.353454200000000000e+07
1.355153200000000000e+07
1.355550900000000000e+07
1.355713400000000000e+07
1.358904700000000000e+07
1.361497200000000000e+07
1.362103800000000000e+07
1.362204300000000000e+07
1.363976100000000000e+07
1.364325000000000000e+07
1.369023100000000000e+07
1.370516000000000000e+07
1.371001200000000000e+07
1.372846700000000000e+07
1.373370800000000000e+07
1.376702300000000000e+07
1.376858900000000000e+07
1.379567700000000000e+07
1.379644900000000000e+07
1.380543700000000000e+07
1.380710200000000000e+07
1.381813800000000000e+07
1.383032100000000000e+07
1.385178400000000000e+07
1.387802300000000000e+07
1.389031800000000000e+07
1.391280600000000000e+07
1.394599800000000000e+07
1.395524700000000000e+07
1.397214100000000000e+07
1.399432600000000000e+07
1.402775900000000000e+07
1.407113600000000000e+07
1.410798600000000000e+07
1.413260100000000000e+07
1.415381700000000000e+07
1.418672400000000000e+07
1.419318000000000000e+07
1.419499000000000000e+07
1.422284600000000000e+07
1.423168900000000000e+07
1.423802600000000000e+07
1.425762100000000000e+07
1.426832100000000000e+07
1.428237100000000000e+07
1.430003000000000000e+07
1.432603600000000000e+07
1.434957500000000000e+07
1.437114700000000000e+07
1.437628000000000000e+07
1.438005600000000000e+07
1.439744800000000000e+07
1.439846300000000000e+07
1.440429800000000000e+07
1.444234500000000000e+07
1.447189100000000000e+07
1.452013300000000000e+07
1.456675100000000000e+07
1.457614200000000000e+07
1.464317400000000000e+07
1.464342600000000000e+07
1.466444600000000000e+07
1.474699500000000000e+07
1.474825200000000000e+07
1.474855200000000000e+07
1.475776200000000000e+07
1.475785000000000000e+07
1.477654800000000000e+07
1.478555800000000000e+07
1.480863400000000000e+07
1.486308300000000000e+07
1.487605000000000000e+07
1.492617600000000000e+07
1.493086300000000000e+07
1.500518800000000000e+07
1.502891100000000000e+07
1.505699200000000000e+07
1.507949100000000000e+07
1.509696700000000000e+07
1.511599100000000000e+07
1.513963000000000000e+07
1.515148100000000000e+07
1.515626300000000000e+07
1.519587800000000000e+07
1.519720000000000000e+07
1.520039900000000000e+07
1.520126900000000000e+07
1.531524200000000000e+07
1.531925400000000000e+07
1.534474100000000000e+07
1.537146600000000000e+07
1.538282600000000000e+07
1.542504000000000000e+07
1.553078700000000000e+07
1.553976800000000000e+07
1.557860100000000000e+07
1.564829700000000000e+07
1.566539000000000000e+07
1.568670700000000000e+07
1.569118800000000000e+07
1.570265900000000000e+07
1.571215000000000000e+07
1.576378300000000000e+07
1.583303400000000000e+07
1.584143300000000000e+07
1.585142700000000000e+07
1.587457900000000000e+07
1.587762000000000000e+07
1.593726800000000000e+07
1.596948700000000000e+07
1.598710300000000000e+07
1.599028300000000000e+07
1.600054800000000000e+07
1.601679200000000000e+07
1.601824500000000000e+07
