1.538000000000000000e+04
1.245320000000000000e+05
1.307060000000000000e+05
1.546700000000000000e+05
1.638430000000000000e+05
1.705460000000000000e+05
1.779710000000000000e+05
1.856480000000000000e+05
1.967810000000000000e+05
2.053990000000000000e+05
2.102810000000000000e+05
2.248440000000000000e+05
2.335160000000000000e+05
2.361460000000000000e+05
2.636820000000000000e+05
2.652300000000000000e+05
2.733170000000000000e+05
2.848370000000000000e+05
2.872020000000000000e+05
2.878710000000000000e+05
2.962360000000000000e+05
3.229180000000000000e+05
3.309670000000000000e+05
3.355650000000000000e+05
3.387650000000000000e+05
3.602070000000000000e+05
