2.846000000000000000e+03
1.381300000000000000e+04
1.665600000000000000e+04
1.769300000000000000e+04
1.810200000000000000e+04
2.461700000000000000e+04
6.869300000000000000e+04
9.376400000000000000e+04
9.739700000000000000e+04
9.924500000000000000e+04
1.033500000000000000e+05
1.086560000000000000e+05
1.230670000000000000e+05
1.274200000000000000e+05
1.510530000000000000e+05
1.848350000000000000e+05
1.986580000000000000e+05
2.072380000000000000e+05
2.213680000000000000e+05
2.637790000000000000e+05
3.185320000000000000e+05
3.198990000000000000e+05
3.215340000000000000e+05
3.230270000000000000e+05
3.234830000000000000e+05
3.460920000000000000e+05
3.463650000000000000e+05
3.644370000000000000e+05
3.662510000000000000e+05
