9.064000000000000000e+03
1.431200000000000000e+04
1.873700000000000000e+04
3.381400000000000000e+04
4.148700000000000000e+04
4.176500000000000000e+04
5.754500000000000000e+04
6.693000000000000000e+04
7.182000000000000000e+04
7.992900000000000000e+04
8.019800000000000000e+04
9.035500000000000000e+04
9.308900000000000000e+04
1.178670000000000000e+05
1.381930000000000000e+05
1.392820000000000000e+05
1.578200000000000000e+05
1.720760000000000000e+05
1.728160000000000000e+05
1.784680000000000000e+05
1.903100000000000000e+05
1.959340000000000000e+05
1.996960000000000000e+05
2.043770000000000000e+05
2.087010000000000000e+05
2.089800000000000000e+05
2.090950000000000000e+05
2.262250000000000000e+05
2.526630000000000000e+05
2.591410000000000000e+05
2.654840000000000000e+05
2.784680000000000000e+05
3.676810000000000000e+05
