2.783100000000000000e+04
2.816800000000000000e+04
3.073700000000000000e+04
3.664600000000000000e+04
3.965600000000000000e+04
4.699100000000000000e+04
6.489000000000000000e+04
1.090110000000000000e+05
1.162710000000000000e+05
1.230190000000000000e+05
1.348770000000000000e+05
1.446850000000000000e+05
1.875750000000000000e+05
1.933010000000000000e+05
2.011570000000000000e+05
2.265870000000000000e+05
2.283770000000000000e+05
2.535330000000000000e+05
2.606770000000000000e+05
2.636410000000000000e+05
2.705700000000000000e+05
2.712090000000000000e+05
2.790410000000000000e+05
3.017000000000000000e+05
3.057400000000000000e+05
3.077460000000000000e+05
3.108590000000000000e+05
3.150950000000000000e+05
3.331690000000000000e+05
3.501360000000000000e+05
3.574040000000000000e+05
3.715960000000000000e+05
