1.253500000000000000e+04
3.720400000000000000e+04
4.480400000000000000e+04
6.112000000000000000e+04
7.705000000000000000e+04
7.957600000000000000e+04
7.993400000000000000e+04
8.126900000000000000e+04
1.044470000000000000e+05
1.249190000000000000e+05
1.379000000000000000e+05
1.515660000000000000e+05
1.566840000000000000e+05
1.723840000000000000e+05
1.878090000000000000e+05
1.971460000000000000e+05
2.097190000000000000e+05
2.544280000000000000e+05
2.547980000000000000e+05
2.571630000000000000e+05
2.587970000000000000e+05
2.679640000000000000e+05
2.710620000000000000e+05
3.003790000000000000e+05
3.226020000000000000e+05
3.242090000000000000e+05
3.300270000000000000e+05
3.320130000000000000e+05
3.397620000000000000e+05
3.414040000000000000e+05
