1.444900000000000000e+04
1.993200000000000000e+04
3.680200000000000000e+04
1.045010000000000000e+05
1.108850000000000000e+05
1.445600000000000000e+05
1.459690000000000000e+05
1.535760000000000000e+05
1.693790000000000000e+05
1.877670000000000000e+05
1.995050000000000000e+05
2.113560000000000000e+05
2.193550000000000000e+05
2.202190000000000000e+05
2.638570000000000000e+05
2.645800000000000000e+05
2.853050000000000000e+05
2.924500000000000000e+05
2.926780000000000000e+05
3.104850000000000000e+05
3.170230000000000000e+05
3.247130000000000000e+05
3.463840000000000000e+05
3.547390000000000000e+05
3.552240000000000000e+05
