1.233900000000000000e+04
1.877400000000000000e+04
8.816300000000000000e+04
9.092100000000000000e+04
9.159100000000000000e+04
1.026080000000000000e+05
1.064280000000000000e+05
1.269230000000000000e+05
1.452940000000000000e+05
1.749270000000000000e+05
1.776810000000000000e+05
1.947930000000000000e+05
2.107630000000000000e+05
2.197310000000000000e+05
2.429180000000000000e+05
2.527740000000000000e+05
2.550000000000000000e+05
2.586950000000000000e+05
2.658660000000000000e+05
2.674090000000000000e+05
2.770880000000000000e+05
2.777190000000000000e+05
2.912370000000000000e+05
3.055380000000000000e+05
3.244480000000000000e+05
3.320710000000000000e+05
3.447460000000000000e+05
3.450290000000000000e+05
3.502180000000000000e+05
