6.851000000000000000e+03
1.021800000000000000e+04
2.052100000000000000e+04
2.516700000000000000e+04
3.569500000000000000e+04
4.958000000000000000e+04
5.334100000000000000e+04
5.439700000000000000e+04
5.936900000000000000e+04
8.753600000000000000e+04
1.117720000000000000e+05
1.127350000000000000e+05
1.427650000000000000e+05
1.558190000000000000e+05
1.705900000000000000e+05
1.798050000000000000e+05
1.872010000000000000e+05
2.092510000000000000e+05
2.207400000000000000e+05
2.314740000000000000e+05
2.434400000000000000e+05
2.564000000000000000e+05
3.345100000000000000e+05
3.500200000000000000e+05
3.584270000000000000e+05
3.665640000000000000e+05
3.666000000000000000e+05
3.683630000000000000e+05
