2.320000000000000000e+02
2.600000000000000000e+01
4.800000000000000000e+01
2.480000000000000000e+02
1.940000000000000000e+02
1.830000000000000000e+02
3.260000000000000000e+02
1.410000000000000000e+02
7.100000000000000000e+01
4.700000000000000000e+01
2.670000000000000000e+02
8.000000000000000000e+01
5.700000000000000000e+01
3.200000000000000000e+02
5.300000000000000000e+01
1.520000000000000000e+02
1.210000000000000000e+02
1.110000000000000000e+02
5.160000000000000000e+02
7.350000000000000000e+02
4.580000000000000000e+02
4.640000000000000000e+02
1.440000000000000000e+02
9.650000000000000000e+02
6.230000000000000000e+02
8.620000000000000000e+02
1.100000000000000000e+02
2.130000000000000000e+02
2.670000000000000000e+02
6.900000000000000000e+01
2.480000000000000000e+02
1.090000000000000000e+02
