6.940000000000000000e+02
4.090000000000000000e+02
8.060000000000000000e+02
9.600000000000000000e+02
3.000000000000000000e+02
6.200000000000000000e+01
3.280000000000000000e+02
2.200000000000000000e+01
4.910000000000000000e+02
2.470000000000000000e+02
5.840000000000000000e+02
1.400000000000000000e+01
3.100000000000000000e+01
6.000000000000000000e+01
1.930000000000000000e+02
2.280000000000000000e+02
4.640000000000000000e+02
1.009000000000000000e+03
3.780000000000000000e+02
2.700000000000000000e+02
4.900000000000000000e+02
