7.100000000000000000e+01
8.600000000000000000e+01
2.700000000000000000e+02
1.610000000000000000e+02
6.000000000000000000e+01
1.460000000000000000e+02
3.280000000000000000e+02
1.430000000000000000e+02
2.900000000000000000e+01
3.950000000000000000e+02
1.470000000000000000e+02
1.270000000000000000e+02
3.430000000000000000e+02
6.000000000000000000e+00
6.210000000000000000e+02
7.340000000000000000e+02
1.370000000000000000e+02
2.470000000000000000e+02
5.450000000000000000e+02
1.420000000000000000e+02
1.880000000000000000e+02
4.460000000000000000e+02
2.020000000000000000e+02
6.610000000000000000e+02
3.180000000000000000e+02
8.440000000000000000e+02
5.760000000000000000e+02
1.257000000000000000e+03
