3.800000000000000000e+02
6.180000000000000000e+02
1.470000000000000000e+02
7.570000000000000000e+02
6.490000000000000000e+02
2.000000000000000000e+01
2.230000000000000000e+02
2.490000000000000000e+02
3.180000000000000000e+02
3.460000000000000000e+02
2.150000000000000000e+02
1.540000000000000000e+02
4.050000000000000000e+02
7.010000000000000000e+02
3.820000000000000000e+02
1.890000000000000000e+02
3.420000000000000000e+02
5.830000000000000000e+02
1.302000000000000000e+03
4.230000000000000000e+02
3.320000000000000000e+02
5.800000000000000000e+01
4.470000000000000000e+02
7.490000000000000000e+02
9.100000000000000000e+01
3.620000000000000000e+02
1.013000000000000000e+03
4.280000000000000000e+02
