2.490000000000000000e+02
1.340000000000000000e+02
3.200000000000000000e+01
1.400000000000000000e+02
2.210000000000000000e+02
3.710000000000000000e+02
1.090000000000000000e+02
1.790000000000000000e+02
7.500000000000000000e+01
3.890000000000000000e+02
5.840000000000000000e+02
6.710000000000000000e+02
1.064000000000000000e+03
6.030000000000000000e+02
3.970000000000000000e+02
1.295000000000000000e+03
1.910000000000000000e+02
3.600000000000000000e+01
4.450000000000000000e+02
8.940000000000000000e+02
1.560000000000000000e+02
7.510000000000000000e+02
1.650000000000000000e+02
3.910000000000000000e+02
7.440000000000000000e+02
7.790000000000000000e+02
3.320000000000000000e+02
7.180000000000000000e+02
