1.500000000000000000e+02
5.460000000000000000e+02
1.530000000000000000e+02
4.500000000000000000e+01
1.460000000000000000e+02
8.600000000000000000e+01
7.970000000000000000e+02
1.050000000000000000e+02
1.100000000000000000e+02
8.330000000000000000e+02
7.170000000000000000e+02
2.900000000000000000e+01
3.810000000000000000e+02
1.800000000000000000e+01
1.253000000000000000e+03
4.840000000000000000e+02
1.368000000000000000e+03
3.380000000000000000e+02
2.970000000000000000e+02
2.490000000000000000e+02
9.490000000000000000e+02
1.580000000000000000e+02
1.650000000000000000e+02
1.072000000000000000e+03
4.090000000000000000e+02
8.400000000000000000e+01
4.170000000000000000e+02
1.080000000000000000e+03
1.450000000000000000e+02
