1.630000000000000000e+02
4.570000000000000000e+02
1.810000000000000000e+02
3.020000000000000000e+02
1.710000000000000000e+02
7.620000000000000000e+02
1.000000000000000000e+03
2.500000000000000000e+01
9.490000000000000000e+02
5.600000000000000000e+01
1.000000000000000000e+02
2.480000000000000000e+02
1.200000000000000000e+02
1.580000000000000000e+02
1.200000000000000000e+02
2.290000000000000000e+02
6.260000000000000000e+02
3.240000000000000000e+02
6.370000000000000000e+02
3.700000000000000000e+01
2.500000000000000000e+01
2.940000000000000000e+02
2.420000000000000000e+02
1.180000000000000000e+02
1.453000000000000000e+03
6.450000000000000000e+02
7.570000000000000000e+02
4.150000000000000000e+02
1.480000000000000000e+02
1.340000000000000000e+02
1.100000000000000000e+01
1.300000000000000000e+01
