2.200000000000000000e+02
5.840000000000000000e+02
2.650000000000000000e+02
6.110000000000000000e+02
1.900000000000000000e+02
4.600000000000000000e+01
1.420000000000000000e+02
1.820000000000000000e+02
1.060000000000000000e+02
1.700000000000000000e+01
3.250000000000000000e+02
5.500000000000000000e+01
1.160000000000000000e+02
1.130000000000000000e+02
2.720000000000000000e+02
6.030000000000000000e+02
3.280000000000000000e+02
3.070000000000000000e+02
5.700000000000000000e+01
9.600000000000000000e+01
1.161000000000000000e+03
9.400000000000000000e+01
1.450000000000000000e+02
2.590000000000000000e+02
3.130000000000000000e+02
5.900000000000000000e+02
2.980000000000000000e+02
1.650000000000000000e+02
1.480000000000000000e+02
5.500000000000000000e+01
3.480000000000000000e+02
5.360000000000000000e+02
