2.340000000000000000e+02
1.410000000000000000e+02
8.420000000000000000e+02
1.320000000000000000e+02
5.800000000000000000e+01
1.520000000000000000e+02
4.800000000000000000e+01
1.220000000000000000e+02
2.590000000000000000e+02
1.690000000000000000e+02
1.400000000000000000e+01
2.390000000000000000e+02
4.880000000000000000e+02
4.940000000000000000e+02
1.130000000000000000e+02
3.700000000000000000e+01
3.710000000000000000e+02
4.780000000000000000e+02
6.540000000000000000e+02
1.740000000000000000e+02
1.013000000000000000e+03
6.200000000000000000e+01
6.210000000000000000e+02
5.720000000000000000e+02
2.360000000000000000e+02
1.650000000000000000e+02
1.030000000000000000e+02
4.790000000000000000e+02
1.000000000000000000e+02
1.100000000000000000e+02
1.900000000000000000e+02
