4.250000000000000000e+02
2.400000000000000000e+01
5.340000000000000000e+02
1.021000000000000000e+03
2.500000000000000000e+01
9.500000000000000000e+02
4.210000000000000000e+02
1.376000000000000000e+03
2.870000000000000000e+02
3.560000000000000000e+02
1.020000000000000000e+02
7.000000000000000000e+01
4.500000000000000000e+01
6.060000000000000000e+02
8.700000000000000000e+01
3.180000000000000000e+02
4.700000000000000000e+01
8.200000000000000000e+01
1.920000000000000000e+02
9.540000000000000000e+02
3.730000000000000000e+02
7.100000000000000000e+01
6.300000000000000000e+01
1.077000000000000000e+03
5.000000000000000000e+00
