0.000000000000000000e+00
1.000000000000000000e+00
3.000000000000000000e+00
4.600000000000000000e+01
5.900000000000000000e+01
7.600000000000000000e+01
7.700000000000000000e+01
9.400000000000000000e+01
1.100000000000000000e+02
1.330000000000000000e+02
1.420000000000000000e+02
1.530000000000000000e+02
1.650000000000000000e+02
1.800000000000000000e+02
1.820000000000000000e+02
1.860000000000000000e+02
1.900000000000000000e+02
1.940000000000000000e+02
2.000000000000000000e+02
2.010000000000000000e+02
2.050000000000000000e+02
2.080000000000000000e+02
2.470000000000000000e+02
2.510000000000000000e+02
2.580000000000000000e+02
2.620000000000000000e+02
2.710000000000000000e+02
3.010000000000000000e+02
3.070000000000000000e+02
3.140000000000000000e+02
3.190000000000000000e+02
3.230000000000000000e+02
3.280000000000000000e+02
3.300000000000000000e+02
3.320000000000000000e+02
3.440000000000000000e+02
3.490000000000000000e+02
3.600000000000000000e+02
3.640000000000000000e+02
3.780000000000000000e+02
3.840000000000000000e+02
3.890000000000000000e+02
3.910000000000000000e+02
3.940000000000000000e+02
3.980000000000000000e+02
4.020000000000000000e+02
4.210000000000000000e+02
4.250000000000000000e+02
4.270000000000000000e+02
4.420000000000000000e+02
4.630000000000000000e+02
4.640000000000000000e+02
4.930000000000000000e+02
4.980000000000000000e+02
5.080000000000000000e+02
5.110000000000000000e+02
5.180000000000000000e+02
5.370000000000000000e+02
5.490000000000000000e+02
5.560000000000000000e+02
5.580000000000000000e+02
5.660000000000000000e+02
5.720000000000000000e+02
6.110000000000000000e+02
6.560000000000000000e+02
6.630000000000000000e+02
6.680000000000000000e+02
6.790000000000000000e+02
6.840000000000000000e+02
6.950000000000000000e+02
7.000000000000000000e+02
7.020000000000000000e+02
7.090000000000000000e+02
7.250000000000000000e+02
7.410000000000000000e+02
7.430000000000000000e+02
7.680000000000000000e+02
7.710000000000000000e+02
7.740000000000000000e+02
7.780000000000000000e+02
7.910000000000000000e+02
8.010000000000000000e+02
8.200000000000000000e+02
8.530000000000000000e+02
8.590000000000000000e+02
8.640000000000000000e+02
8.760000000000000000e+02
8.880000000000000000e+02
9.460000000000000000e+02
9.650000000000000000e+02
9.730000000000000000e+02
9.780000000000000000e+02
9.820000000000000000e+02
9.970000000000000000e+02
1.010000000000000000e+03
1.014000000000000000e+03
1.028000000000000000e+03
1.034000000000000000e+03
1.057000000000000000e+03
1.069000000000000000e+03
1.077000000000000000e+03
1.079000000000000000e+03
1.082000000000000000e+03
1.084000000000000000e+03
1.090000000000000000e+03
1.095000000000000000e+03
1.114000000000000000e+03
1.116000000000000000e+03
1.128000000000000000e+03
1.132000000000000000e+03
1.140000000000000000e+03
1.141000000000000000e+03
1.145000000000000000e+03
1.159000000000000000e+03
1.182000000000000000e+03
1.187000000000000000e+03
1.191000000000000000e+03
1.207000000000000000e+03
1.208000000000000000e+03
1.215000000000000000e+03
1.224000000000000000e+03
1.230000000000000000e+03
1.231000000000000000e+03
1.235000000000000000e+03
1.238000000000000000e+03
1.256000000000000000e+03
1.260000000000000000e+03
1.261000000000000000e+03
1.262000000000000000e+03
1.278000000000000000e+03
1.281000000000000000e+03
1.291000000000000000e+03
