2.866800000000000000e+04
4.527000000000000000e+04
6.015300000000000000e+04
1.758710000000000000e+05
1.811720000000000000e+05
1.869080000000000000e+05
2.067340000000000000e+05
2.455150000000000000e+05
2.708020000000000000e+05
3.042690000000000000e+05
3.676230000000000000e+05
3.806080000000000000e+05
3.830180000000000000e+05
4.332610000000000000e+05
4.456350000000000000e+05
4.483720000000000000e+05
4.965380000000000000e+05
4.988430000000000000e+05
5.006320000000000000e+05
5.010360000000000000e+05
5.162940000000000000e+05
6.102010000000000000e+05
6.710340000000000000e+05
6.983610000000000000e+05
7.100240000000000000e+05
7.511800000000000000e+05
7.533230000000000000e+05
7.661820000000000000e+05
8.046700000000000000e+05
8.350050000000000000e+05
8.450840000000000000e+05
9.094010000000000000e+05
9.101290000000000000e+05
9.304900000000000000e+05
9.490340000000000000e+05
9.718390000000000000e+05
1.004906000000000000e+06
1.007487000000000000e+06
1.023859000000000000e+06
1.035522000000000000e+06
1.041619000000000000e+06
1.042124000000000000e+06
1.056995000000000000e+06
1.063621000000000000e+06
1.079142000000000000e+06
1.090122000000000000e+06
1.095047000000000000e+06
1.149912000000000000e+06
1.162787000000000000e+06
1.167593000000000000e+06
1.168593000000000000e+06
1.173073000000000000e+06
1.211731000000000000e+06
1.261993000000000000e+06
1.279559000000000000e+06
1.323324000000000000e+06
1.371349000000000000e+06
1.375181000000000000e+06
1.401422000000000000e+06
1.410541000000000000e+06
1.471034000000000000e+06
1.493404000000000000e+06
1.562346000000000000e+06
1.582430000000000000e+06
1.586755000000000000e+06
1.638169000000000000e+06
1.640306000000000000e+06
1.664265000000000000e+06
1.710075000000000000e+06
1.710749000000000000e+06
1.731298000000000000e+06
1.740285000000000000e+06
1.747238000000000000e+06
1.751533000000000000e+06
1.785905000000000000e+06
1.793154000000000000e+06
1.806663000000000000e+06
1.826153000000000000e+06
1.894140000000000000e+06
1.903793000000000000e+06
1.914834000000000000e+06
1.918442000000000000e+06
1.922332000000000000e+06
1.948082000000000000e+06
1.955391000000000000e+06
1.963222000000000000e+06
1.963241000000000000e+06
1.971598000000000000e+06
2.015857000000000000e+06
2.026760000000000000e+06
2.032369000000000000e+06
2.033730000000000000e+06
2.061832000000000000e+06
2.142851000000000000e+06
2.168824000000000000e+06
2.183094000000000000e+06
2.246949000000000000e+06
2.264527000000000000e+06
2.276127000000000000e+06
2.285006000000000000e+06
2.328217000000000000e+06
2.365360000000000000e+06
2.388931000000000000e+06
2.400290000000000000e+06
2.426259000000000000e+06
2.457572000000000000e+06
2.462303000000000000e+06
2.495170000000000000e+06
2.499554000000000000e+06
2.508111000000000000e+06
2.540530000000000000e+06
2.542862000000000000e+06
2.555642000000000000e+06
2.575334000000000000e+06
2.577709000000000000e+06
2.617191000000000000e+06
2.628494000000000000e+06
2.680452000000000000e+06
2.705903000000000000e+06
2.786140000000000000e+06
2.790132000000000000e+06
2.805333000000000000e+06
2.808072000000000000e+06
2.808389000000000000e+06
2.820556000000000000e+06
2.822632000000000000e+06
2.833684000000000000e+06
2.848791000000000000e+06
2.864070000000000000e+06
2.875920000000000000e+06
2.912346000000000000e+06
2.924271000000000000e+06
2.930196000000000000e+06
2.944169000000000000e+06
2.950723000000000000e+06
2.980247000000000000e+06
2.981590000000000000e+06
2.993249000000000000e+06
3.048508000000000000e+06
3.050112000000000000e+06
3.130285000000000000e+06
3.167148000000000000e+06
3.180061000000000000e+06
3.242658000000000000e+06
3.255380000000000000e+06
3.258768000000000000e+06
3.297328000000000000e+06
3.315763000000000000e+06
3.343374000000000000e+06
3.383214000000000000e+06
3.398561000000000000e+06
3.402552000000000000e+06
3.412684000000000000e+06
3.449433000000000000e+06
3.473157000000000000e+06
3.474975000000000000e+06
3.477913000000000000e+06
3.493906000000000000e+06
3.499107000000000000e+06
3.502411000000000000e+06
3.506660000000000000e+06
3.531588000000000000e+06
3.542621000000000000e+06
3.543423000000000000e+06
3.552866000000000000e+06
3.582593000000000000e+06
3.590645000000000000e+06
3.625753000000000000e+06
3.686183000000000000e+06
3.689892000000000000e+06
3.693281000000000000e+06
3.695053000000000000e+06
3.736462000000000000e+06
3.769610000000000000e+06
3.770604000000000000e+06
3.803475000000000000e+06
3.852077000000000000e+06
3.852362000000000000e+06
3.853404000000000000e+06
3.855706000000000000e+06
3.861494000000000000e+06
3.869941000000000000e+06
3.916342000000000000e+06
3.918389000000000000e+06
3.995285000000000000e+06
4.003945000000000000e+06
4.005583000000000000e+06
4.006101000000000000e+06
4.018473000000000000e+06
4.080009000000000000e+06
4.101400000000000000e+06
4.154980000000000000e+06
4.226111000000000000e+06
4.252262000000000000e+06
4.276060000000000000e+06
4.288388000000000000e+06
4.326005000000000000e+06
4.328525000000000000e+06
4.421859000000000000e+06
4.441364000000000000e+06
4.476030000000000000e+06
4.497877000000000000e+06
4.504847000000000000e+06
4.528598000000000000e+06
4.544740000000000000e+06
4.626222000000000000e+06
4.652931000000000000e+06
4.670164000000000000e+06
4.734716000000000000e+06
4.768094000000000000e+06
4.778555000000000000e+06
4.812887000000000000e+06
4.817543000000000000e+06
4.820380000000000000e+06
4.860530000000000000e+06
4.873150000000000000e+06
4.880589000000000000e+06
4.952320000000000000e+06
4.955468000000000000e+06
5.022563000000000000e+06
5.053084000000000000e+06
5.111129000000000000e+06
5.126526000000000000e+06
5.172556000000000000e+06
5.198998000000000000e+06
5.229708000000000000e+06
5.316560000000000000e+06
5.325150000000000000e+06
5.409512000000000000e+06
5.428227000000000000e+06
5.431279000000000000e+06
5.432985000000000000e+06
5.433777000000000000e+06
5.442026000000000000e+06
5.447027000000000000e+06
5.462683000000000000e+06
5.496437000000000000e+06
5.530669000000000000e+06
5.553011000000000000e+06
5.562501000000000000e+06
5.583231000000000000e+06
5.598615000000000000e+06
5.604392000000000000e+06
5.610097000000000000e+06
5.642613000000000000e+06
5.667400000000000000e+06
5.684479000000000000e+06
5.717810000000000000e+06
5.756175000000000000e+06
5.757782000000000000e+06
5.780478000000000000e+06
5.791747000000000000e+06
5.819617000000000000e+06
5.825311000000000000e+06
5.845420000000000000e+06
5.877183000000000000e+06
5.929962000000000000e+06
5.930409000000000000e+06
5.949415000000000000e+06
5.965554000000000000e+06
5.996314000000000000e+06
5.998162000000000000e+06
6.067176000000000000e+06
6.103719000000000000e+06
6.182578000000000000e+06
6.212942000000000000e+06
6.216636000000000000e+06
6.222091000000000000e+06
6.252647000000000000e+06
6.270190000000000000e+06
6.276254000000000000e+06
6.286161000000000000e+06
6.312284000000000000e+06
6.325628000000000000e+06
6.337420000000000000e+06
6.350593000000000000e+06
6.350698000000000000e+06
6.363284000000000000e+06
6.364204000000000000e+06
6.365514000000000000e+06
6.428963000000000000e+06
6.435940000000000000e+06
6.447581000000000000e+06
6.496545000000000000e+06
6.534940000000000000e+06
6.547015000000000000e+06
6.547248000000000000e+06
6.548484000000000000e+06
6.597026000000000000e+06
6.633465000000000000e+06
6.664037000000000000e+06
6.715862000000000000e+06
6.742223000000000000e+06
6.786449000000000000e+06
6.831583000000000000e+06
6.842142000000000000e+06
6.857236000000000000e+06
6.865996000000000000e+06
6.932540000000000000e+06
6.951722000000000000e+06
6.977783000000000000e+06
6.990058000000000000e+06
7.034832000000000000e+06
7.101584000000000000e+06
7.104619000000000000e+06
7.178938000000000000e+06
7.190296000000000000e+06
7.211121000000000000e+06
7.229856000000000000e+06
7.239311000000000000e+06
7.251229000000000000e+06
7.280763000000000000e+06
7.290902000000000000e+06
7.294546000000000000e+06
7.336613000000000000e+06
7.361952000000000000e+06
7.368233000000000000e+06
7.375508000000000000e+06
7.395315000000000000e+06
7.396993000000000000e+06
7.412709000000000000e+06
7.415513000000000000e+06
7.430706000000000000e+06
7.467667000000000000e+06
7.520420000000000000e+06
7.562135000000000000e+06
7.583490000000000000e+06
7.626732000000000000e+06
7.635756000000000000e+06
7.637647000000000000e+06
7.642638000000000000e+06
7.648587000000000000e+06
7.661680000000000000e+06
7.666266000000000000e+06
7.720995000000000000e+06
7.741208000000000000e+06
7.767231000000000000e+06
7.784718000000000000e+06
7.802208000000000000e+06
7.803677000000000000e+06
7.807153000000000000e+06
7.833459000000000000e+06
7.864447000000000000e+06
7.872888000000000000e+06
7.891010000000000000e+06
7.897678000000000000e+06
7.953680000000000000e+06
7.959081000000000000e+06
7.994552000000000000e+06
7.994603000000000000e+06
7.997064000000000000e+06
8.008517000000000000e+06
8.024454000000000000e+06
8.061493000000000000e+06
8.076980000000000000e+06
8.096499000000000000e+06
8.103487000000000000e+06
8.175126000000000000e+06
8.183563000000000000e+06
8.199087000000000000e+06
8.271473000000000000e+06
8.356962000000000000e+06
8.382596000000000000e+06
8.386025000000000000e+06
8.396751000000000000e+06
8.429028000000000000e+06
8.442517000000000000e+06
8.461939000000000000e+06
8.487086000000000000e+06
8.487980000000000000e+06
8.499831000000000000e+06
8.559269000000000000e+06
8.562836000000000000e+06
8.588419000000000000e+06
8.606751000000000000e+06
8.608296000000000000e+06
8.635902000000000000e+06
8.645461000000000000e+06
8.675056000000000000e+06
8.676483000000000000e+06
8.729670000000000000e+06
8.752648000000000000e+06
8.795575000000000000e+06
8.816196000000000000e+06
8.834249000000000000e+06
8.887587000000000000e+06
8.892632000000000000e+06
